##FastQC	0.11.2
>>Basic Statistics	pass
#Measure	Value
Filename	HOT_Aloha_125m.fastq
File type	Conventional base calls
Encoding	Sanger / Illumina 1.9
Total Sequences	185134
Sequences flagged as poor quality	0
Sequence length	36-240
%GC	36
>>END_MODULE
>>Per base sequence quality	fail
#Base	Mean	Median	Lower Quartile	Upper Quartile	10th Percentile	90th Percentile
1	27.79639072239567	27.0	26.0	31.0	23.0	33.0
2	26.91004353603336	27.0	25.0	30.0	22.0	33.0
3	26.06213337366448	27.0	24.0	29.0	19.0	33.0
4	25.83055516544773	27.0	24.0	29.0	18.0	33.0
5	25.772029989088985	27.0	24.0	29.0	18.0	33.0
6	25.660089448723628	27.0	24.0	28.0	18.0	33.0
7	25.630834962783712	27.0	24.0	28.0	18.0	33.0
8	25.561333952704526	27.0	24.0	28.0	17.0	33.0
9	25.512218177104153	27.0	24.0	28.0	17.0	33.0
10-14	25.438232847559064	27.0	23.6	28.0	17.0	33.0
15-19	25.500964706644915	27.0	24.0	28.0	17.0	33.0
20-24	25.53697970118941	27.0	24.0	28.0	17.2	33.0
25-29	25.560275260081887	27.0	24.0	28.0	17.0	33.0
30-34	25.5989531906619	27.0	24.0	28.0	17.0	33.0
35-39	25.64560800207193	27.0	24.0	28.0	17.4	33.0
40-44	25.65215695080381	27.0	24.0	28.0	17.0	33.0
45-49	25.65906563644311	27.0	24.0	28.0	17.0	33.0
50-54	25.67469635669366	27.0	24.0	28.0	17.0	33.0
55-59	25.693830773766912	27.0	24.0	28.4	17.0	33.0
60-64	25.666928845975132	27.0	24.0	28.0	17.0	33.0
65-69	25.67095043011321	27.0	24.0	28.0	17.0	33.0
70-74	25.65087718618946	27.0	24.0	28.0	17.0	33.0
75-79	25.63824335775893	27.0	24.0	28.2	17.0	33.0
80-84	25.607996936955356	27.0	24.0	28.4	16.6	33.0
85-89	25.563278499239832	27.0	24.0	28.0	16.0	33.0
90-94	25.487278241177226	27.0	23.6	28.6	16.0	33.0
95-99	25.36804285920595	27.0	23.0	28.8	16.0	33.0
100-104	25.160539885843065	27.0	23.0	28.6	15.2	33.0
105-109	24.92662619038793	26.2	22.8	28.8	14.8	33.0
110-114	24.608071754278974	26.0	21.8	29.0	13.6	33.0
115-119	24.300793219961342	26.0	21.0	29.0	12.6	33.0
120-124	23.98058773451659	26.0	20.4	29.0	11.4	33.0
125-129	23.68553875070393	25.6	19.6	29.0	10.6	33.0
130-134	23.445702252895323	25.0	19.0	29.0	10.0	33.0
135-139	23.222039424664548	25.0	18.8	29.4	9.6	33.0
140-144	22.867546146030975	25.0	18.0	29.2	8.4	33.0
145-149	22.71467770786919	24.8	17.6	29.2	8.6	33.0
150-154	22.83671214810489	24.8	17.2	29.4	8.8	33.0
155-159	22.595073905708063	24.8	16.8	29.4	7.8	33.0
160-164	22.441368477103435	24.4	16.0	29.6	7.4	33.0
165-169	22.558020850299677	24.6	16.0	30.4	6.6	33.2
170-174	22.238597711856745	24.5	15.5	29.5	7.25	33.25
175-179	22.761055272651852	0.0	0.0	0.0	0.0	0.0
180-184	22.034172675235865	0.0	0.0	0.0	0.0	0.0
185-189	24.01692771205083	0.0	0.0	0.0	0.0	0.0
190-194	22.948037258440486	0.0	0.0	0.0	0.0	0.0
195-199	22.32284679089027	0.0	0.0	0.0	0.0	0.0
200-204	23.99047987616099	0.0	0.0	0.0	0.0	0.0
205-209	22.296410256410258	0.0	0.0	0.0	0.0	0.0
210-214	20.69079254079254	0.0	0.0	0.0	0.0	0.0
215-219	20.585555555555555	0.0	0.0	0.0	0.0	0.0
220-224	22.353571428571428	0.0	0.0	0.0	0.0	0.0
225-229	21.839999999999996	0.0	0.0	0.0	0.0	0.0
230-234	23.080000000000002	0.0	0.0	0.0	0.0	0.0
235-239	22.6	0.0	0.0	0.0	0.0	0.0
240	22.0	0.0	0.0	0.0	0.0	0.0
>>END_MODULE
>>Per sequence quality scores	warn
#Quality	Count
16	1.0
17	13.0
18	11.0
19	20.0
20	46.0
21	217.0
22	1673.0
23	10538.0
24	36177.0
25	67172.0
26	61623.0
27	7641.0
28	2.0
>>END_MODULE
>>Per base sequence content	fail
#Base	G	A	T	C
1	18.303648625280996	34.05239495071762	29.825566315061387	17.818390108939997
2	18.459734336327184	32.100666861212886	32.3314202954941	17.108178506965835
3	18.07777723743293	31.785785688426355	31.645296027925024	18.491141046215695
4	18.580374654873378	31.762455626577047	31.613328506513504	18.04384121203607
5	19.07381389819518	31.60758672862855	31.226629201340106	18.09197017183616
6	18.92284747814246	31.745577157925453	31.063103176232833	18.26847218769926
7	18.84875602533342	32.0882778894581	30.985344659879388	18.077621425329095
8	18.16732507930675	31.93076129074097	31.652985014132	18.24892861582028
9	18.462378142359988	31.63218987095519	31.39874197522858	18.50669001145624
10-14	18.653893132081343	31.396261330693022	31.420473829963402	18.52937170726224
15-19	18.835855193114398	31.35054157204513	31.077620822826336	18.73598241201413
20-24	18.866417329643724	31.314856451055	31.087102213766865	18.731624005534417
25-29	18.7870709979537	31.61954116549542	30.992786593202986	18.600601243347896
30-34	18.75158103664113	31.5393297053272	31.00993918008791	18.699150077943756
35-39	18.732209363293855	31.77195552408391	30.867518202801097	18.628316909821134
40-44	18.7020688521612	31.74496412057563	31.10307062126121	18.449896406001965
45-49	18.627350218374627	31.68125202173685	31.103427459270456	18.58797030061807
50-54	18.66513385717567	31.718104632667476	31.11339611929043	18.50336539086642
55-59	18.650136512945082	31.775277184886697	31.150938410969747	18.423647891198474
60-64	18.614525481757035	31.763870983262205	31.12943772505049	18.49216580993027
65-69	18.577026318225293	31.814375190080966	31.131956963464784	18.476641528228953
70-74	18.556009451720133	31.77562399597723	31.255089644492507	18.41327690781013
75-79	18.698741497938126	31.715152094784276	31.203199981997287	18.382906425280307
80-84	18.643549779501573	31.888052714348763	31.113143576579155	18.35525392957051
85-89	18.634848913393927	31.871876975078656	31.220297435933247	18.27297667559417
90-94	18.58474857667763	32.19544294470795	31.2083879677453	18.011420510869115
95-99	18.413688102660767	32.66386770628053	31.480263374702584	17.442180816356124
100-104	18.20955475334622	33.71695045120436	31.676742054212088	16.39675274123733
105-109	17.86020750448553	34.45335049535846	32.33910601450971	15.347335985646307
110-114	17.380994370209592	35.8678694973886	32.70352031472563	14.047615817676185
115-119	16.62215470560851	37.080097027907776	33.42194888883444	12.875799377649278
120-124	16.037242389371272	38.449367088607595	33.76922272204205	11.744167799979078
125-129	15.396432439601245	39.74823721845229	34.04434031078004	10.81099003116642
130-134	15.03293297171639	40.1762882603642	34.09337466098412	10.697404106935297
135-139	14.582678265730356	41.106802221989305	34.192782028438664	10.117737483841665
140-144	14.049427210709228	41.3373664564294	35.21688763032566	9.39631870253572
145-149	13.876391191096376	40.942457968269004	35.40137343121004	9.779777409424579
150-154	13.85886840432295	42.23352405170587	34.64717101080738	9.260436533163805
155-159	12.866147571375603	43.82647385984427	33.07378568780126	10.233592880978867
160-164	14.304635761589404	41.72185430463576	32.71523178807947	11.258278145695364
165-169	14.380530973451327	46.23893805309734	31.41592920353982	7.964601769911504
170-174	16.666666666666664	39.8936170212766	32.269503546099294	11.170212765957446
175-179	14.974619289340103	39.08629441624365	32.74111675126903	13.19796954314721
180-184	11.956521739130435	44.20289855072464	31.88405797101449	11.956521739130435
185-189	16.83673469387755	32.6530612244898	36.734693877551024	13.77551020408163
190-194	13.815789473684212	37.5	33.55263157894737	15.131578947368421
195-199	19.81981981981982	34.234234234234236	36.03603603603604	9.90990990990991
200-204	19.54022988505747	26.436781609195403	35.63218390804598	18.39080459770115
205-209	13.23529411764706	47.05882352941176	32.35294117647059	7.352941176470589
210-214	10.16949152542373	47.45762711864407	30.508474576271187	11.864406779661017
215-219	9.090909090909092	27.27272727272727	52.27272727272727	11.363636363636363
220-224	5.405405405405405	48.64864864864865	40.54054054054054	5.405405405405405
225-229	19.35483870967742	32.25806451612903	38.70967741935484	9.67741935483871
230-234	16.666666666666664	41.66666666666667	33.33333333333333	8.333333333333332
235-239	20.0	40.0	40.0	0.0
240	0.0	100.0	0.0	0.0
>>END_MODULE
>>Per sequence GC content	fail
#GC Content	Count
0	1.0
1	0.5
2	1.0
3	3.0
4	3.5
5	3.0
6	5.0
7	12.0
8	17.5
9	23.333333333333336
10	49.0
11	100.0
12	154.5
13	240.0
14	371.5
15	503.1666666666667
16	707.3333333333333
17	988.0
18	1301.8333333333333
19	1658.0
20	2052.0
21	2538.5
22	2976.0
23	3556.8333333333335
24	4253.833333333334
25	4870.5
26	5464.833333333333
27	5966.833333333333
28	6512.666666666667
29	6929.333333333333
30	7268.666666666666
31	7580.833333333333
32	7762.0
33	7830.333333333333
34	7672.833333333333
35	7460.166666666667
36	7204.833333333334
37	6820.5
38	6320.5
39	5724.5
40	5251.0
41	4936.5
42	4487.0
43	4046.5
44	3733.5
45	3476.0
46	3232.5
47	2950.5
48	2820.0
49	2679.0
50	2532.5
51	2498.0
52	2309.5
53	2043.0
54	1948.0
55	1899.0
56	1719.5
57	1577.5
58	1517.0
59	1409.5
60	1311.5
61	1241.5
62	1132.0
63	1031.5
64	945.5
65	825.5
66	746.5
67	706.0
68	670.0
69	590.5
70	502.5
71	431.5
72	359.5
73	319.0
74	275.0
75	224.0
76	189.0
77	155.0
78	115.5
79	90.5
80	73.0
81	50.0
82	27.0
83	12.0
84	8.5
85	8.5
86	6.0
87	2.0
88	1.5
89	1.0
90	0.0
91	0.0
92	0.0
93	0.0
94	0.0
95	0.0
96	0.0
97	0.0
98	0.0
99	0.0
100	0.0
>>END_MODULE
>>Per base N content	warn
#Base	N-Count
1	0.04213164518672961
2	0.047533138159387256
3	0.036190002916806206
4	0.030788509944148564
5	0.039971047997666556
6	0.03889074940313503
7	0.04429224237579267
8	0.05023388464571607
9	0.04429224237579267
10-14	0.057039765791264706
15-19	0.05325872071040436
20-24	0.05941642269923407
25-29	0.06341352749900071
30-34	0.06957122948783044
35-39	0.07259630082956398
40-44	0.09237061901279035
45-49	0.10029645817324269
50-54	0.10758530518942158
55-59	0.124234799427043
60-64	0.14445754716981132
65-69	0.1583150612741997
70-74	0.18300293604225057
75-79	0.21444650906906637
80-84	0.23164977648527213
85-89	0.2550676852346344
90-94	0.2755413541649042
95-99	0.29925403342392876
100-104	0.3378910882755771
105-109	0.3685950059942836
110-114	0.415548764836685
115-119	0.43181263722859237
120-124	0.4270833333333333
125-129	0.439035662019564
130-134	0.44742729306487694
135-139	0.5662474814145766
140-144	0.36550176338570056
145-149	0.38919683924991155
150-154	0.2536461636017755
155-159	0.4797047970479705
160-164	0.4614370468029005
165-169	0.6593406593406593
170-174	0.35335689045936397
175-179	0.25316455696202533
180-184	0.36101083032490977
185-189	1.0101010101010102
190-194	0.0
195-199	0.8928571428571428
200-204	0.0
205-209	1.4492753623188406
210-214	1.6666666666666667
215-219	0.0
220-224	5.128205128205128
225-229	0.0
230-234	7.6923076923076925
235-239	0.0
240	0.0
>>END_MODULE
>>Sequence Length Distribution	warn
#Length	Count
35-39	3.0
40-44	35.0
45-49	155.0
50-54	464.0
55-59	835.0
60-64	1271.0
65-69	1554.0
70-74	1834.0
75-79	2117.0
80-84	2915.0
85-89	4914.0
90-94	10311.0
95-99	18038.0
100-104	26152.0
105-109	29262.0
110-114	27144.0
115-119	21024.0
120-124	14741.0
125-129	9510.0
130-134	5664.0
135-139	3230.0
140-144	1849.0
145-149	945.0
150-154	491.0
155-159	300.0
160-164	155.0
165-169	87.0
170-174	43.0
175-179	27.0
180-184	21.0
185-189	10.0
190-194	9.0
195-199	5.0
200-204	4.0
205-209	2.0
210-214	3.0
215-219	2.0
220-224	1.0
225-229	2.0
230-234	4.0
235-239	0.0
240-241	1.0
>>END_MODULE
>>Sequence Duplication Levels	pass
#Total Deduplicated Percentage	95.27952633865121
#Duplication Level	Percentage of deduplicated	Percentage of total
1	95.55801605137805	91.04722507236531
2	4.009457985452074	7.640385154571927
3	0.37876890751011555	1.082667662981166
4	0.03499538317836299	0.1333737413309611
5	0.011448238367014425	0.05453913645105541
6	0.007313434114374724	0.04180923229959341
7	0.0	0.0
8	0.0	0.0
9	0.0	0.0
>10	0.0	0.0
>50	0.0	0.0
>100	0.0	0.0
>500	0.0	0.0
>1k	0.0	0.0
>5k	0.0	0.0
>10k+	0.0	0.0
>>END_MODULE
>>Overrepresented sequences	pass
>>END_MODULE
>>Adapter Content	pass
#Position	Illumina Universal Adapter	Illumina Small RNA Adapter	Nextera Transposase Sequence
1	0.0	0.0	0.0
2	0.0	0.0	0.0
3	0.0	0.0	0.0
4	0.0	0.0	0.0
5	0.0	0.0	0.0
6	0.0	0.0	0.0
7	0.0	0.0	0.0
8	0.0	0.0	0.0
9	0.0	0.0	0.0
10-14	0.0	0.0	0.0
15-19	0.0	0.0	2.1605971890630571E-4
20-24	0.0	0.0	5.401492972657643E-4
25-29	0.0	0.0	5.401492972657643E-4
30-34	0.0	0.0	5.401492972657643E-4
35-39	0.0	0.0	5.401492972657643E-4
40-44	0.0	0.0	5.401492972657643E-4
45-49	0.0	0.0	5.401492972657643E-4
50-54	0.0	0.0	5.401492972657643E-4
55-59	0.0	0.0	5.401492972657643E-4
60-64	0.0	0.0	5.401492972657643E-4
65-69	0.0	0.0	5.401492972657643E-4
70-74	0.0	0.0	5.401492972657643E-4
75-79	0.0	0.0	5.401492972657643E-4
80-84	0.0	2.1605971890630571E-4	5.401492972657643E-4
85-89	0.0	5.401492972657643E-4	5.401492972657643E-4
90-94	0.0	5.401492972657643E-4	5.401492972657643E-4
95-99	0.0	5.401492972657643E-4	5.401492972657643E-4
100-104	0.0	5.401492972657643E-4	5.401492972657643E-4
105-109	0.0	5.401492972657643E-4	5.401492972657643E-4
110-114	0.0	5.401492972657643E-4	5.401492972657643E-4
115-119	0.0	5.401492972657643E-4	5.401492972657643E-4
120-124	0.0	5.401492972657643E-4	5.401492972657643E-4
125-129	0.0	5.401492972657643E-4	5.401492972657643E-4
130-134	0.0	5.401492972657643E-4	5.401492972657643E-4
135-139	0.0	5.401492972657643E-4	5.401492972657643E-4
140-144	0.0	5.401492972657643E-4	5.401492972657643E-4
145-149	0.0	5.401492972657643E-4	5.401492972657643E-4
150-154	0.0	5.401492972657643E-4	5.401492972657643E-4
155-159	0.0	5.401492972657643E-4	5.401492972657643E-4
160-164	0.0	5.401492972657643E-4	5.401492972657643E-4
165-169	0.0	5.401492972657643E-4	5.401492972657643E-4
170-174	0.0	5.401492972657643E-4	5.401492972657643E-4
175-179	0.0	5.401492972657643E-4	5.401492972657643E-4
180-184	0.0	5.401492972657643E-4	5.401492972657643E-4
185-189	0.0	5.401492972657643E-4	5.401492972657643E-4
190-194	0.0	5.401492972657643E-4	5.401492972657643E-4
195-199	0.0	5.401492972657643E-4	5.401492972657643E-4
200-204	0.0	5.401492972657643E-4	5.401492972657643E-4
205-209	0.0	5.401492972657643E-4	5.401492972657643E-4
210-214	0.0	5.401492972657643E-4	5.401492972657643E-4
215-219	0.0	5.401492972657643E-4	5.401492972657643E-4
220-224	0.0	5.401492972657643E-4	5.401492972657643E-4
225-228	0.0	5.401492972657643E-4	5.401492972657643E-4
>>END_MODULE
>>Kmer Content	warn
#Sequence	Count	PValue	Obs/Exp Max	Max Obs/Exp Position
CGTAGGA	15	2.9508506E-5	15585.417	175-178
AGGAACG	30	1.18030235E-4	7792.7085	175-178
AATCGGT	55	2.9752447E-4	4857.7925	160-164
ACGTTAT	75	5.5322825E-4	3562.381	160-164
AGGTAAG	105	7.745072E-4	2968.6506	165-169
GTAGGAA	90	0.0010621359	2597.5693	175-178
AGACAAA	245	8.434048E-4	2544.5579	170-174
TTTCGTA	85	0.0012180605	2444.7712	170-174
TCGTAGG	55	0.0014873891	2266.9697	170-174
TTCGTAG	70	0.0015144408	2226.488	170-174
TAGGAGG	95	0.001521484	2187.427	155-159
ACTTTCG	60	0.001770075	2078.0557	170-174
AAGTAAA	475	0.0010568365	1968.6843	175-178
TAGGAAC	125	0.00204872	1870.25	175-178
ATCGGTA	75	0.002396874	1781.1906	160-164
GGTAAGA	50	0.002704069	1700.2274	165-169
AAAGGGA	185	0.0024040348	1684.9099	165-169
TCGGTAA	55	0.0029744282	1619.2642	160-164
TTTTCGT	195	0.0026709167	1598.5042	165-169
AGTAAAT	315	0.002788017	1484.3254	175-178
>>END_MODULE
