##FastQC	0.11.2
>>Basic Statistics	pass
#Measure	Value
Filename	HOT_Aloha_500m.fastq
File type	Conventional base calls
Encoding	Sanger / Illumina 1.9
Total Sequences	5964
Sequences flagged as poor quality	0
Sequence length	37-173
%GC	43
>>END_MODULE
>>Per base sequence quality	fail
#Base	Mean	Median	Lower Quartile	Upper Quartile	10th Percentile	90th Percentile
1	28.309356136820927	28.0	26.0	31.0	23.0	35.0
2	27.43661971830986	28.0	25.0	30.0	21.0	35.0
3	26.919014084507044	28.0	25.0	28.0	20.0	35.0
4	26.838531187122737	28.0	25.0	28.0	19.0	35.0
5	26.94332662642522	28.0	25.0	29.0	20.0	35.0
6	26.72753185781355	28.0	25.0	28.0	19.0	35.0
7	26.875586854460092	28.0	25.0	28.0	20.0	35.0
8	26.837692823608318	28.0	25.0	29.0	19.0	35.0
9	26.87961099932931	28.0	25.0	29.0	20.0	35.0
10-14	26.836485580147553	28.0	25.0	28.6	19.8	35.0
15-19	26.787860496311204	28.0	25.0	29.2	19.6	35.0
20-24	26.846478873239437	28.0	25.0	29.0	19.8	35.0
25-29	26.779208584842387	28.0	25.0	28.8	19.4	35.0
30-34	26.882327297116028	28.0	25.0	28.6	19.8	35.0
35-39	26.89925643075289	28.0	25.0	29.0	19.6	35.0
40-44	26.94085884981095	28.0	25.0	29.0	20.0	35.0
45-49	26.87222213311917	28.0	25.0	28.6	19.6	35.0
50-54	26.98461373328336	28.0	25.0	28.8	19.8	35.0
55-59	26.94209024964953	28.0	25.0	29.4	19.6	35.0
60-64	26.966406219059365	28.0	25.0	29.0	19.8	35.0
65-69	27.078951524399702	28.0	25.0	29.0	20.2	35.0
70-74	27.014824918234034	28.0	25.0	29.4	20.0	35.0
75-79	26.985906169844924	28.0	25.0	29.0	19.4	35.0
80-84	26.92500388528011	28.0	25.0	29.0	19.4	35.0
85-89	27.05256475305593	28.0	25.0	29.8	19.6	35.0
90-94	26.943712074157663	28.0	25.0	29.2	19.4	35.0
95-99	26.83865417161377	28.0	25.0	29.8	18.8	35.0
100-104	26.80068188989059	28.0	25.0	30.0	18.6	35.0
105-109	26.474507001823035	27.0	24.0	29.8	16.6	35.0
110-114	26.31351839780716	27.2	23.8	30.4	15.6	35.0
115-119	25.783057070760332	27.0	23.2	29.6	14.0	35.0
120-124	25.465431841049394	27.0	22.4	29.2	13.2	34.6
125-129	25.687882200648993	27.0	22.4	30.2	13.0	34.8
130-134	24.538892452539468	26.75	20.25	30.0	9.75	34.5
135-139	25.185782031962198	0.0	0.0	0.0	0.0	0.0
140-144	24.565231141544977	0.0	0.0	0.0	0.0	0.0
145-149	25.399442224442225	0.0	0.0	0.0	0.0	0.0
150-154	22.634090909090908	0.0	0.0	0.0	0.0	0.0
155-159	25.384285714285717	0.0	0.0	0.0	0.0	0.0
160-164	26.1	0.0	0.0	0.0	0.0	0.0
165-169	13.0	0.0	0.0	0.0	0.0	0.0
170-173	28.5	0.0	0.0	0.0	0.0	0.0
>>END_MODULE
>>Per sequence quality scores	warn
#Quality	Count
21	1.0
22	7.0
23	47.0
24	209.0
25	728.0
26	1704.0
27	2824.0
28	444.0
>>END_MODULE
>>Per base sequence content	fail
#Base	G	A	T	C
1	21.92217376719222	30.878899698087892	25.712848037571284	21.486078497148608
2	22.688370531968452	29.031716730995132	28.578620573921796	19.701292163114616
3	21.61436482631314	28.377244504111427	28.04161772109414	21.96677294848129
4	22.130872483221474	27.869127516778526	27.96979865771812	22.03020134228188
5	22.27066912627872	28.442059366090895	27.184303203085697	22.102968304544692
6	22.468142186452045	29.124748490945674	27.079141515761236	21.32796780684105
7	23.343954385376488	29.012242159986585	27.502934764380342	20.140868690256582
8	22.753185781354794	28.11871227364185	28.202548625083836	20.92555331991952
9	22.686116700201207	26.743796109993294	28.806170355466133	21.76391683433937
10-14	22.659421019086913	28.03998524034752	27.674348394887794	21.62624534567777
15-19	22.36683214812827	27.64993962162887	27.85455521266604	22.128673017576812
20-24	22.361581541969887	27.91844126228244	27.680338039505013	22.039639156242664
25-29	22.19129384935274	28.15413508618955	27.714803139043532	21.93976792541418
30-34	22.638851623289508	27.59256774885967	27.56238261336195	22.206198014488866
35-39	22.534880601019587	27.763616850013417	27.760262946069226	21.94123960289777
40-44	22.06938200362343	28.10507951419177	27.860162383412735	21.96537609877206
45-49	22.206928964683765	28.4711964549483	27.937424466228013	21.384450114139923
50-54	22.03104481632378	27.633927068251456	27.852789656217382	22.48223845920738
55-59	22.385022385022385	28.21869488536155	27.679419346086014	21.71686338353005
60-64	21.755320966143966	28.348877728810084	27.925250247685423	21.970551057360527
65-69	21.84098683528558	28.502816074081753	27.85321861718669	21.80297847344598
70-74	22.11005958640028	28.40168243953733	27.584998247458813	21.903259726603576
75-79	22.128841565471316	28.107973362771983	28.1898792778035	21.573305793953207
80-84	21.95579950888343	28.2897587750975	27.733641484905387	22.02080023111368
85-89	22.27143542612483	28.435389214926367	27.782083933119257	21.51109142582955
90-94	22.15541165587419	28.684859697810673	27.601757631822387	21.557971014492754
95-99	22.24488061857422	29.50123205030164	27.440734132041804	20.813153199082336
100-104	22.48882494990495	29.36854544520372	27.842573087396598	20.30005651749473
105-109	22.84891479946618	30.455854463721288	27.983423474046496	18.71180726276603
110-114	22.72134000435066	31.62932347182945	27.865999564933652	17.78333695888623
115-119	22.667398463227222	32.80278082693011	28.48518111964874	16.044639590193928
120-124	20.928620928620926	34.06098406098406	28.8981288981289	16.112266112266113
125-129	19.885958660014253	35.85174625801853	30.933713471133284	13.328581610833929
130-134	20.933734939759034	38.25301204819277	27.86144578313253	12.951807228915662
135-139	16.723549488054605	43.68600682593857	25.597269624573375	13.993174061433447
140-144	14.40677966101695	50.0	20.33898305084746	15.254237288135593
145-149	20.0	36.92307692307693	36.92307692307693	6.153846153846154
150-154	18.6046511627907	37.2093023255814	27.906976744186046	16.27906976744186
155-159	7.6923076923076925	53.84615384615385	15.384615384615385	23.076923076923077
160-164	11.11111111111111	0.0	66.66666666666666	22.22222222222222
165-169	0.0	20.0	60.0	20.0
170-173	0.0	25.0	75.0	0.0
>>END_MODULE
>>Per sequence GC content	warn
#GC Content	Count
0	0.0
1	0.5
2	0.5
3	0.0
4	0.0
5	0.0
6	0.0
7	0.5
8	1.0
9	0.5
10	2.0
11	2.0
12	0.5
13	2.0
14	4.5
15	5.5
16	10.5
17	13.0
18	12.0
19	22.5
20	28.5
21	27.5
22	33.0
23	37.0
24	41.5
25	58.0
26	75.0
27	94.0
28	107.5
29	119.5
30	129.0
31	144.0
32	157.0
33	169.5
34	179.5
35	187.5
36	202.5
37	187.5
38	186.0
39	196.0
40	189.0
41	186.5
42	185.5
43	192.5
44	188.0
45	171.0
46	158.0
47	158.0
48	156.5
49	137.5
50	133.0
51	130.0
52	125.0
53	121.5
54	122.0
55	118.5
56	106.5
57	103.0
58	97.0
59	84.5
60	93.0
61	96.5
62	87.5
63	88.0
64	90.0
65	89.5
66	66.0
67	51.5
68	53.5
69	51.0
70	42.0
71	26.5
72	20.0
73	20.5
74	16.0
75	12.5
76	11.0
77	7.0
78	3.0
79	2.5
80	2.5
81	0.0
82	0.0
83	0.0
84	0.0
85	0.0
86	0.0
87	0.0
88	0.0
89	0.0
90	0.0
91	0.0
92	0.0
93	0.0
94	0.0
95	0.0
96	0.0
97	0.0
98	0.0
99	0.0
100	0.0
>>END_MODULE
>>Per base N content	pass
#Base	N-Count
1	0.0335345405767941
2	0.08383635144198524
3	0.08383635144198524
4	0.0670690811535882
5	0.01676727028839705
6	0.0
7	0.01676727028839705
8	0.0
9	0.0
10-14	0.030181086519114688
15-19	0.026827632461435276
20-24	0.0033534540576794095
25-29	0.006706908115358819
30-34	0.013413816230717638
35-39	0.006707357971694949
40-44	0.01677233236053806
45-49	0.023493874811209934
50-54	0.016832749798007002
55-59	0.044072278536800354
60-64	0.020493903063838508
65-69	0.06560773480662983
70-74	0.038541046214218146
75-79	0.0711718444183481
80-84	0.08659258190215038
85-89	0.11060723371308484
90-94	0.07702973347712216
95-99	0.06792901418018171
100-104	0.04108674438909147
105-109	0.09823872008981825
110-114	0.10864841373315949
115-119	0.0365764447695684
120-124	0.034638032559750606
125-129	0.07122507122507123
130-134	0.0
135-139	0.0
140-144	0.0
145-149	1.5151515151515151
150-154	0.0
155-159	0.0
160-164	0.0
165-169	0.0
170-173	0.0
>>END_MODULE
>>Sequence Length Distribution	warn
#Length	Count
35-39	1.0
40-44	3.0
45-49	7.0
50-54	32.0
55-59	49.0
60-64	49.0
65-69	79.0
70-74	89.0
75-79	78.0
80-84	91.0
85-89	184.0
90-94	333.0
95-99	686.0
100-104	986.0
105-109	1090.0
110-114	832.0
115-119	633.0
120-124	379.0
125-129	189.0
130-134	94.0
135-139	49.0
140-144	15.0
145-149	5.0
150-154	4.0
155-159	5.0
160-164	1.0
165-169	0.0
170-174	1.0
>>END_MODULE
>>Sequence Duplication Levels	pass
#Total Deduplicated Percentage	98.12206572769952
#Duplication Level	Percentage of deduplicated	Percentage of total
1	98.1032125768968	96.26089872568745
2	1.8796992481203008	3.688799463447351
3	0.017088174982911826	0.05030181086519115
4	0.0	0.0
5	0.0	0.0
6	0.0	0.0
7	0.0	0.0
8	0.0	0.0
9	0.0	0.0
>10	0.0	0.0
>50	0.0	0.0
>100	0.0	0.0
>500	0.0	0.0
>1k	0.0	0.0
>5k	0.0	0.0
>10k+	0.0	0.0
>>END_MODULE
>>Overrepresented sequences	pass
>>END_MODULE
>>Adapter Content	pass
#Position	Illumina Universal Adapter	Illumina Small RNA Adapter	Nextera Transposase Sequence
1	0.0	0.0	0.0
2	0.0	0.0	0.0
3	0.0	0.0	0.0
4	0.0	0.0	0.0
5	0.0	0.0	0.0
6	0.0	0.0	0.0
7	0.0	0.0	0.0
8	0.0	0.0	0.0
9	0.0	0.0	0.0
10-14	0.0	0.0	0.0
15-19	0.0	0.0	0.0
20-24	0.0	0.0	0.0
25-29	0.0	0.0	0.0
30-34	0.0	0.0	0.0
35-39	0.0	0.0	0.0
40-44	0.0	0.0	0.0
45-49	0.0	0.0	0.0
50-54	0.0	0.0	0.0
55-59	0.0	0.0	0.0
60-64	0.0	0.0	0.0
65-69	0.0	0.0	0.0
70-74	0.0	0.0	0.0
75-79	0.0	0.0	0.0
80-84	0.0	0.0	0.0
85-89	0.0	0.0	0.0
90-94	0.0	0.0	0.0
95-99	0.0	0.0	0.0
100-104	0.0	0.0	0.0
105-109	0.0	0.0	0.0
110-114	0.0	0.0	0.0
115-119	0.0	0.0	0.0
120-124	0.0	0.0	0.0
125-129	0.0	0.0	0.0
130-134	0.0	0.0	0.0
135-139	0.0	0.0	0.0
140-144	0.0	0.0	0.0
145-149	0.0	0.0	0.0
150-154	0.0	0.0	0.0
155-159	0.0	0.0	0.0
160-161	0.0	0.0	0.0
>>END_MODULE
>>Kmer Content	warn
#Sequence	Count	PValue	Obs/Exp Max	Max Obs/Exp Position
GAGAATC	5	6.9797604E-4	2966.75	130-131
AATCTCC	5	6.9797604E-4	2966.75	132-133
ATCTCCC	5	6.9797604E-4	2966.75	134-135
AGAATCT	5	6.9797604E-4	2966.75	130-131
TCCGCAA	5	6.9797604E-4	2966.75	132-133
CGCAAAC	5	6.9797604E-4	2966.75	134-135
GTTTTTG	5	0.0011632281	2373.4001	124-125
GAATATT	5	0.0011632281	2373.4001	124-125
TGAATAT	5	0.0011632281	2373.4001	124-125
TTGAGAA	15	0.0010470818	1977.8333	128-129
TGAGAAT	10	0.0027915905	1483.375	128-129
TTTTGAG	10	0.0027915905	1483.375	126-127
TTTCCGC	10	0.0027915905	1483.375	130-131
CCGCAAA	10	0.0027915905	1483.375	132-133
GCAAACA	10	0.0027915905	1483.375	134-135
GAATCTC	10	0.0027915905	1483.375	132-133
TATTTCC	20	0.0018614786	1483.375	128-129
AATATTT	20	0.0018614786	1483.375	126-127
TCTCCCG	10	0.0027915905	1483.375	134-135
GGTTTTT	5	0.00418668	1318.5555	122-123
>>END_MODULE
