##FastQC	0.11.2
>>Basic Statistics	pass
#Measure	Value
Filename	HOT_Aloha_75m.qfil.trim.len.fastq
File type	Conventional base calls
Encoding	Sanger / Illumina 1.9
Total Sequences	137793
Sequences flagged as poor quality	0
Sequence length	75-100
%GC	36
>>END_MODULE
>>Per base sequence quality	pass
#Base	Mean	Median	Lower Quartile	Upper Quartile	10th Percentile	90th Percentile
1	28.179145529889038	27.0	26.0	31.0	24.0	33.0
2	27.302475452308897	27.0	25.0	31.0	22.0	33.0
3	26.438026605125078	27.0	25.0	30.0	19.0	33.0
4	26.31716415202514	27.0	25.0	30.0	18.0	33.0
5	26.276276733941494	27.0	25.0	30.0	18.0	33.0
6	26.205663567815492	27.0	25.0	30.0	18.0	33.0
7	26.125666761011082	27.0	25.0	30.0	18.0	33.0
8	26.079162221593258	27.0	25.0	29.0	18.0	33.0
9	25.982582569506434	27.0	25.0	29.0	18.0	33.0
10-11	25.95268990442185	27.0	24.0	29.0	18.0	33.0
12-13	25.897447620706423	27.0	24.0	29.0	18.0	33.0
14-15	25.874416697510032	27.0	24.0	28.5	17.5	33.0
16-17	25.888644561044465	27.0	24.0	29.0	17.5	33.0
18-19	25.8854803945048	27.0	24.0	28.5	18.0	33.0
20-21	25.900941992699195	27.0	24.0	28.5	18.0	33.0
22-23	25.9415173484865	27.0	24.0	29.0	18.0	33.0
24-25	25.943875958865835	27.0	24.0	29.0	18.0	33.0
26-27	25.949137474327433	27.0	24.0	29.0	18.0	33.0
28-29	25.998515889776694	27.0	24.5	28.5	18.0	33.0
30-31	25.989081448259345	27.0	24.5	29.0	18.0	33.0
32-33	25.991098967291517	27.0	24.5	29.0	18.0	33.0
34-35	25.971979708693475	27.0	24.5	29.0	18.0	33.0
36-37	25.989008875632287	27.0	24.5	29.0	18.0	33.0
38-39	26.007184690078596	27.0	25.0	29.0	18.0	33.0
40-41	26.023869137038893	27.0	25.0	29.0	18.0	33.0
42-43	26.005471976080063	27.0	25.0	29.0	18.0	33.0
44-45	26.02402153955571	27.0	25.0	29.0	18.0	33.0
46-47	26.021949591053247	27.0	25.0	29.0	18.0	33.0
48-49	26.044929713410696	27.0	25.0	29.0	18.0	33.0
50-51	26.035306583063	27.0	25.0	29.0	18.0	33.0
52-53	26.034257908602033	27.0	25.0	29.0	18.0	33.0
54-55	26.03148200561712	27.0	25.0	29.0	18.0	33.0
56-57	26.067409084641454	27.0	25.0	29.0	18.0	33.0
58-59	26.04715406442998	27.0	25.0	29.0	18.0	33.0
60-61	26.039015044305586	27.0	25.0	29.0	18.0	33.0
62-63	26.07048616402865	27.0	25.0	29.0	18.0	33.0
64-65	26.078291350068582	27.0	25.0	29.0	18.0	33.0
66-67	26.059963133105455	27.0	25.0	29.0	18.0	33.0
68-69	26.05053232021946	27.0	25.0	29.0	18.0	33.0
70-71	26.07364307330561	27.0	25.0	29.0	18.0	33.0
72-73	26.05277844302686	27.0	25.0	29.0	18.0	33.0
74-75	26.06281886598013	27.0	25.0	29.0	18.0	33.0
76-77	26.047751261313067	27.0	25.0	29.0	18.0	33.0
78-79	26.032092879921144	27.0	25.0	29.0	17.5	33.0
80-81	26.038601544804806	27.0	25.0	29.0	18.0	33.0
82-83	26.043926660758494	27.0	25.0	29.0	18.0	33.0
84-85	26.04126189296184	27.0	25.0	29.0	18.0	33.0
86-87	26.021063130602194	27.0	25.0	29.0	18.0	33.0
88-89	26.018310380784328	27.0	24.5	29.0	18.0	33.0
90-91	26.009283892952656	27.0	24.5	29.0	18.0	33.0
92-93	25.944298023408457	27.0	24.0	28.5	17.0	33.0
94-95	25.952512775846465	27.0	24.0	29.0	17.5	33.0
96-97	25.89219519780893	27.0	24.0	29.0	17.0	33.0
98-99	25.815364094987327	27.0	24.0	29.0	16.0	33.0
100	25.79449641150532	27.0	24.0	29.0	16.0	33.0
>>END_MODULE
>>Per sequence quality scores	warn
#Quality	Count
20	5.0
21	15.0
22	343.0
23	3317.0
24	14883.0
25	39373.0
26	60271.0
27	19576.0
28	10.0
>>END_MODULE
>>Per base sequence content	warn
#Base	G	A	T	C
1	17.518306445175007	34.113489074190994	31.14236572249679	17.225838758137204
2	17.696835107734067	32.63518466104954	33.721596888085756	15.946383343130638
3	17.487825941811266	32.97772746075635	32.114113198783684	17.420333398648697
4	18.11049908195627	32.88701167693569	31.93340735741293	17.06908188369511
5	18.529968866342994	32.492942312018755	31.880429339661664	17.09665948197659
6	18.593832778152734	31.778101935511966	32.11048456743086	17.517580718904444
7	18.331845594478676	32.38843772905736	32.07710115898485	17.202615517479117
8	17.87246086521086	31.586510200082735	32.91023491759378	17.630794017112624
9	17.893506927057253	31.387661201947846	32.865239888818735	17.853591982176162
10-11	18.273787492833453	31.738912716901442	32.26361281052013	17.72368697974498
12-13	18.101064640438917	31.62170792420515	32.347071331635135	17.930156103720797
14-15	18.246209894551974	31.58759878948858	32.158745364423446	18.007445951536
16-17	18.353980245730916	31.70988366607883	32.114838925054244	17.82129716313601
18-19	18.489328195191337	31.577438621700665	31.93885030444217	17.994382878665824
20-21	18.43308440922253	31.5349836348726	32.00888288955172	18.023049066353153
22-23	18.33402277329037	31.743267074524827	31.990014006517022	17.932696145667776
24-25	18.4733622172389	31.654365606380587	31.899298222696366	17.97297395368415
26-27	18.379017802065416	31.804590944387595	31.87534925576771	17.941041997779276
28-29	18.341642899131305	31.967153628994215	31.91127270616069	17.77993076571379
30-31	18.22770387465256	31.84378016299812	31.939213167577453	17.98930279477187
32-33	18.24040408438745	31.863011909168097	32.025211730639434	17.87137227580501
34-35	18.182708845877514	31.940664620118586	31.99981131116965	17.876815222834253
36-37	18.29519641781513	31.911998432431254	31.86990630873847	17.922898841015144
38-39	18.204480633994468	32.019768783610196	31.881155065932234	17.8945955164631
40-41	18.24584703141669	31.902201127778625	32.04952356070338	17.802428280101314
42-43	18.320959700420193	31.8274513219104	32.033920445886224	17.81766853178318
44-45	18.076752810374984	32.222609276233186	31.980942428134956	17.71969548525687
46-47	18.229881053464254	32.196483130492844	31.88587228669091	17.687763529352
48-49	18.020509024406177	32.135159260630076	31.9486476090948	17.89568410586895
50-51	18.058972516746135	32.10613020980747	32.13951361825347	17.695383655192934
52-53	18.169282909872052	32.15257669112364	32.060046591626566	17.618093807377733
54-55	18.30499372246776	32.038274803509616	31.890952370584863	17.765779103437765
56-57	18.311162395767564	31.81329965963438	32.0281146357217	17.84742330887636
58-59	18.18016880393053	32.02702604631585	32.083269832284664	17.70953531746896
60-61	18.21173789670012	32.17579993178173	31.87716357144412	17.735298600074024
62-63	18.3020908173855	32.175074205511166	31.810396754552116	17.71243822255122
64-65	18.269070272074778	32.2327694440211	31.794793639734962	17.70336664416915
66-67	18.24439557887556	32.19974889871038	31.816928290987207	17.738927231426853
68-69	18.30136509111493	32.05641796027374	31.760321641883117	17.881895306728207
70-71	18.080018578592526	32.299899124048395	31.646019754269084	17.974062543089996
72-73	18.20302918145334	32.23240658088582	31.59812182041178	17.966442417249063
74-75	18.47989375367399	32.111936019971985	31.567641317048036	17.840528909305988
76-77	18.490932879185458	32.160686484471505	31.515279980703585	17.83310065563945
78-79	18.411288716446975	32.23303262545272	31.28185647161224	18.073822186488062
80-81	18.773504114383588	32.08548981643519	31.32851770488141	17.81248836429981
82-83	18.648248272335564	32.40338990698059	31.141198499056273	17.807163321627577
84-85	18.728305698812843	32.259853105370695	30.978512672889813	18.033328522926652
86-87	18.854133859779846	32.02502669360352	31.10899440010447	18.011845046512164
88-89	18.857761137101356	32.10085080215153	31.06128422085049	17.98010383989663
90-91	18.99581722417225	32.367245343347726	30.63794256498736	17.99899486749267
92-93	19.083202131524768	32.363651043559	30.628557587501515	17.924589237414718
94-95	19.03706496207335	32.45700886957458	30.563783468040945	17.94214270031112
96-97	19.170864603680478	32.377231760392036	30.73618107672801	17.715722559199477
98-99	19.07042002583404	32.5148100307336	30.638278918533697	17.776491024898668
100	18.981199608863307	32.620246858914044	30.50220475636981	17.896348775852843
>>END_MODULE
>>Per sequence GC content	fail
#GC Content	Count
0	0.0
1	0.0
2	0.5
3	0.5
4	0.5
5	1.5
6	2.0
7	4.0
8	8.5
9	21.0
10	29.5
11	55.5
12	106.0
13	160.0
14	222.0
15	325.5
16	482.0
17	681.5
18	906.5
19	1201.0
20	1528.5
21	1862.5
22	2304.0
23	2760.0
24	3215.0
25	3713.5
26	4207.0
27	4623.5
28	5066.0
29	5422.5
30	5786.0
31	6150.5
32	6313.0
33	6368.5
34	6199.5
35	6022.0
36	5816.5
37	5545.0
38	5117.0
39	4552.5
40	4090.5
41	3710.0
42	3274.5
43	2836.0
44	2468.5
45	2142.0
46	1935.0
47	1772.0
48	1604.0
49	1469.0
50	1384.0
51	1266.5
52	1203.5
53	1189.0
54	1133.0
55	1074.0
56	1031.5
57	964.0
58	903.5
59	841.0
60	802.0
61	776.5
62	709.5
63	673.5
64	648.5
65	592.5
66	522.5
67	479.0
68	437.5
69	390.0
70	355.0
71	312.0
72	268.0
73	213.0
74	163.0
75	132.0
76	110.5
77	103.0
78	83.5
79	58.0
80	55.0
81	42.5
82	22.0
83	13.5
84	6.0
85	1.5
86	1.0
87	1.0
88	1.0
89	0.5
90	0.0
91	0.0
92	0.0
93	0.0
94	0.0
95	0.0
96	0.0
97	0.0
98	0.0
99	0.0
100	0.0
>>END_MODULE
>>Per base N content	pass
#Base	N-Count
1	0.0
2	0.0
3	0.0
4	0.0
5	0.0
6	0.0
7	0.0
8	0.0
9	0.0
10-11	0.0
12-13	0.0
14-15	0.0
16-17	0.0
18-19	0.0
20-21	0.0
22-23	0.0
24-25	0.0
26-27	0.0
28-29	0.0
30-31	0.0
32-33	0.0
34-35	0.0
36-37	0.0
38-39	0.0
40-41	0.0
42-43	0.0
44-45	0.0
46-47	0.0
48-49	0.0
50-51	0.0
52-53	0.0
54-55	0.0
56-57	0.0
58-59	0.0
60-61	0.0
62-63	0.0
64-65	0.0
66-67	0.0
68-69	0.0
70-71	0.0
72-73	0.0
74-75	0.0
76-77	0.0
78-79	0.0
80-81	0.0
82-83	0.0
84-85	0.0
86-87	0.0
88-89	0.0
90-91	0.0
92-93	0.0
94-95	0.0
96-97	0.0
98-99	0.0
100	0.0
>>END_MODULE
>>Sequence Length Distribution	warn
#Length	Count
75	652.0
76	656.0
77	585.0
78	662.0
79	627.0
80	652.0
81	654.0
82	644.0
83	644.0
84	716.0
85	729.0
86	782.0
87	868.0
88	910.0
89	1101.0
90	1119.0
91	1251.0
92	1372.0
93	1529.0
94	1893.0
95	1942.0
96	2162.0
97	2217.0
98	2342.0
99	2682.0
100	108402.0
>>END_MODULE
>>Sequence Duplication Levels	pass
#Total Deduplicated Percentage	92.37475067234617
#Duplication Level	Percentage of deduplicated	Percentage of total
1	92.92931404234167	85.84322214813469
2	6.0816371836933385	11.235794370466833
3	0.83058918121151	2.3017640557668413
4	0.1291911851884821	0.47736014083403744
5	0.0243481652156077	0.11245778455604265
6	0.002613193496971768	0.014483585864481806
7	0.0023070488524056854	0.014917914377092827
8	0.0	0.0
9	0.0	0.0
>10	0.0	0.0
>50	0.0	0.0
>100	0.0	0.0
>500	0.0	0.0
>1k	0.0	0.0
>5k	0.0	0.0
>10k+	0.0	0.0
>>END_MODULE
>>Overrepresented sequences	pass
>>END_MODULE
>>Adapter Content	pass
#Position	Illumina Universal Adapter	Illumina Small RNA Adapter	Nextera Transposase Sequence
1	0.0	0.0	0.0
2	0.0	0.0	0.0
3	0.0	0.0	0.0
4	0.0	0.0	0.0
5	0.0	0.0	0.0
6	0.0	0.0	0.0
7	0.0	0.0	0.0
8	0.0	0.0	0.0
9	0.0	0.0	0.0
10-11	0.0	0.0	0.0
12-13	0.0	0.0	0.0
14-15	0.0	0.0	0.0
16-17	0.0	0.0	0.0
18-19	0.0	0.0	0.0
20-21	0.0	0.0	0.0
22-23	7.257262705652682E-4	0.0	0.0
24-25	7.257262705652682E-4	0.0	0.0
26-27	7.257262705652682E-4	0.0	0.0
28-29	7.257262705652682E-4	0.0	0.0
30-31	7.257262705652682E-4	0.0	0.0
32-33	7.257262705652682E-4	0.0	0.0
34-35	7.257262705652682E-4	0.0	0.0
36-37	7.257262705652682E-4	0.0	0.0
38-39	7.257262705652682E-4	0.0	0.0
40-41	7.257262705652682E-4	0.0	0.0
42-43	7.257262705652682E-4	0.0	0.0
44-45	7.257262705652682E-4	0.0	0.0
46-47	7.257262705652682E-4	0.0	0.0
48-49	7.257262705652682E-4	0.0	0.0
50-51	7.257262705652682E-4	0.0	0.0
52-53	7.257262705652682E-4	0.0	0.0
54-55	7.257262705652682E-4	0.0	0.0
56-57	7.257262705652682E-4	0.0	0.0
58-59	7.257262705652682E-4	0.0	0.0
60-61	7.257262705652682E-4	0.0	0.0
62-63	7.257262705652682E-4	0.0	0.0
64-65	7.257262705652682E-4	0.0	0.0
66-67	7.257262705652682E-4	0.0	0.0
68-69	7.257262705652682E-4	0.0	0.0
70-71	7.257262705652682E-4	0.0	0.0
72-73	7.257262705652682E-4	0.0	0.0
74-75	7.257262705652682E-4	0.0	0.0
76-77	7.257262705652682E-4	0.0	0.0
78-79	7.257262705652682E-4	0.0	0.0
80-81	7.257262705652682E-4	0.0	0.0
82-83	7.257262705652682E-4	0.0	0.0
84-85	7.257262705652682E-4	0.0	0.0
86-87	7.257262705652682E-4	0.0	0.0
88	7.257262705652682E-4	0.0	0.0
>>END_MODULE
>>Kmer Content	warn
#Sequence	Count	PValue	Obs/Exp Max	Max Obs/Exp Position
CTGGTAC	65	0.00682096	28.30278	7
AGTTTGG	120	0.0057151015	19.16334	1
GGCACAC	150	0.0033203678	15.549378	94
CACAGGG	125	5.2774267E-4	15.259458	90-91
GCACACA	140	0.0012447119	13.6245165	90-91
CACACAG	150	0.0027448512	12.265174	88-89
CAGGGGA	465	0.0043061413	7.5238934	94
ACAGGGG	500	1.6501146E-4	7.0847483	90-91
>>END_MODULE
