##FastQC	0.11.2
>>Basic Statistics	pass
#Measure	Value
Filename	HOT_Aloha_500m.qfil.trim.len.fastqc
File type	Conventional base calls
Encoding	Sanger / Illumina 1.9
Total Sequences	4120
Sequences flagged as poor quality	0
Sequence length	75-100
%GC	44
>>END_MODULE
>>Per base sequence quality	pass
#Base	Mean	Median	Lower Quartile	Upper Quartile	10th Percentile	90th Percentile
1	28.35485436893204	28.0	26.0	31.0	23.0	35.0
2	27.569174757281555	28.0	26.0	30.0	21.0	35.0
3	27.06383495145631	28.0	25.0	29.0	20.0	35.0
4	26.931310679611652	28.0	25.0	28.0	20.0	35.0
5	27.009223300970874	28.0	25.0	28.0	20.0	35.0
6	26.769902912621358	28.0	25.0	28.0	19.0	35.0
7	26.895388349514562	28.0	25.0	28.0	20.0	35.0
8	26.881796116504855	28.0	25.0	29.0	20.0	35.0
9	26.932766990291263	28.0	25.0	28.0	20.0	35.0
10-11	26.96104368932039	28.0	25.0	29.0	20.0	35.0
12-13	26.838956310679613	28.0	25.0	29.0	19.5	35.0
14-15	26.893082524271843	28.0	25.0	28.5	20.0	35.0
16-17	26.841262135922328	28.0	25.0	29.0	19.5	35.0
18-19	26.78495145631068	28.0	25.0	28.5	19.5	35.0
20-21	26.905339805825243	28.0	25.0	28.5	20.0	35.0
22-23	26.91735436893204	28.0	25.0	29.5	20.0	35.0
24-25	26.784587378640776	28.0	25.0	28.0	19.5	35.0
26-27	26.9375	28.0	25.0	29.0	20.0	35.0
28-29	26.74308252427184	28.0	25.0	28.5	20.0	34.5
30-31	26.892961165048543	28.0	25.0	28.0	20.0	35.0
32-33	27.05145631067961	28.0	25.0	29.0	20.5	34.5
34-35	26.965898058252428	28.0	25.0	28.5	20.0	35.0
36-37	26.85412621359223	28.0	25.0	28.5	19.5	34.5
38-39	27.08980582524272	28.0	25.0	29.5	20.5	35.0
40-41	27.043932038834953	28.0	25.0	29.5	20.0	35.0
42-43	26.9752427184466	28.0	25.0	28.0	20.0	34.5
44-45	26.933373786407767	28.0	25.0	29.0	19.5	35.0
46-47	26.91978155339806	28.0	25.0	28.0	20.0	35.0
48-49	26.965655339805824	28.0	25.0	28.0	20.5	34.5
50-51	27.10400485436893	28.0	25.0	29.0	21.0	35.0
52-53	27.00618932038835	28.0	25.0	28.0	20.5	35.0
54-55	27.1497572815534	28.0	25.0	28.5	20.5	35.0
56-57	26.981553398058253	28.0	25.0	29.5	19.5	35.0
58-59	27.02766990291262	28.0	25.0	30.0	20.0	35.0
60-61	27.006917475728155	28.0	25.0	28.5	20.0	35.0
62-63	27.021966019417476	28.0	25.0	29.0	20.5	35.0
64-65	27.050242718446604	28.0	25.0	28.5	20.0	35.0
66-67	27.17342233009709	28.0	25.0	29.0	20.5	35.0
68-69	27.1628640776699	28.0	25.0	29.0	20.5	35.0
70-71	27.00873786407767	28.0	25.0	28.5	20.0	35.0
72-73	27.174878640776697	28.0	25.0	29.5	20.5	35.0
74-75	26.98495145631068	28.0	25.0	28.5	20.0	35.0
76-77	26.880880714934232	28.0	25.0	28.0	20.0	35.0
78-79	27.211322011117073	28.0	25.0	30.0	20.5	35.0
80-81	27.0275034102649	28.0	25.0	29.0	19.5	35.0
82-83	27.038474554378716	28.0	25.0	28.5	20.5	35.0
84-85	27.113224798604975	28.0	25.0	28.5	20.5	35.0
86-87	27.15579866340488	28.0	25.0	30.5	20.0	35.0
88-89	27.038370188760293	28.0	25.0	29.5	20.0	35.0
90-91	27.01476786553738	28.0	25.0	28.5	20.0	35.0
92-93	26.850055584751097	28.0	25.0	28.5	19.0	35.0
94-95	27.037140188227497	28.0	25.0	29.0	20.0	35.0
96-97	26.877906324115862	28.0	25.0	29.0	19.5	35.0
98-99	26.811325667994723	28.0	25.0	30.0	18.5	35.0
100	26.760127931769723	28.0	25.0	28.0	19.0	35.0
>>END_MODULE
>>Per sequence quality scores	warn
#Quality	Count
22	1.0
23	17.0
24	116.0
25	418.0
26	1170.0
27	2024.0
28	374.0
>>END_MODULE
>>Per base sequence content	pass
#Base	G	A	T	C
1	22.063106796116504	30.800970873786408	25.582524271844658	21.553398058252426
2	22.62135922330097	28.883495145631066	28.59223300970874	19.902912621359224
3	21.91747572815534	28.179611650485437	28.058252427184467	21.844660194174757
4	23.495145631067963	28.446601941747574	26.189320388349515	21.868932038834952
5	22.766990291262136	27.864077669902915	27.16019417475728	22.208737864077673
6	23.20388349514563	27.96116504854369	27.45145631067961	21.383495145631066
7	24.441747572815533	27.815533980582526	27.184466019417474	20.558252427184463
8	23.155339805825243	26.91747572815534	28.519417475728154	21.407766990291265
9	23.859223300970875	26.237864077669904	28.78640776699029	21.11650485436893
10-11	23.652912621359224	27.03883495145631	26.589805825242717	22.718446601941746
12-13	22.730582524271846	27.111650485436893	28.131067961165044	22.026699029126213
14-15	22.342233009708735	28.42233009708738	27.560679611650485	21.674757281553397
16-17	23.094660194174757	27.17233009708738	27.949029126213592	21.783980582524272
18-19	22.936893203883496	27.014563106796118	27.40291262135922	22.645631067961165
20-21	22.99757281553398	26.541262135922327	27.730582524271846	22.730582524271846
22-23	22.5121359223301	27.973300970873787	27.46359223300971	22.050970873786408
24-25	22.52427184466019	26.38349514563107	27.87621359223301	23.216019417475728
26-27	22.5	28.313106796116504	27.063106796116504	22.12378640776699
28-29	22.839805825242717	27.851941747572816	27.427184466019416	21.881067961165048
30-31	23.179611650485437	26.966019417475728	27.305825242718445	22.54854368932039
32-33	22.70631067961165	27.52427184466019	27.02669902912621	22.74271844660194
34-35	23.058252427184467	27.487864077669904	27.46359223300971	21.990291262135923
36-37	22.66990291262136	27.65776699029126	27.791262135922327	21.881067961165048
38-39	23.79854368932039	27.390776699029125	26.419902912621357	22.39077669902913
40-41	23.046116504854368	27.014563106796118	27.83980582524272	22.099514563106794
42-43	22.5121359223301	27.233009708737864	27.9126213592233	22.342233009708735
44-45	22.40291262135922	28.65291262135922	27.002427184466022	21.941747572815533
46-47	22.487864077669904	28.361650485436897	27.269417475728154	21.881067961165048
48-49	23.3252427184466	27.233009708737864	27.851941747572816	21.58980582524272
50-51	21.83252427184466	27.354368932038835	27.766990291262132	23.046116504854368
52-53	22.354368932038835	26.480582524271846	28.058252427184467	23.106796116504853
54-55	22.597087378640776	27.71844660194175	27.548543689320386	22.135922330097088
56-57	22.184466019417474	27.96116504854369	27.59708737864078	22.25728155339806
58-59	22.949029126213592	27.815533980582526	26.929611650485434	22.30582524271845
60-61	21.796116504854368	27.682038834951456	27.45145631067961	23.070388349514563
62-63	22.29368932038835	28.25242718446602	27.135922330097088	22.317961165048544
64-65	21.638349514563107	28.458737864077673	27.59708737864078	22.30582524271845
66-67	22.050970873786408	27.803398058252426	27.682038834951456	22.463592233009706
68-69	22.9126213592233	28.16747572815534	27.16019417475728	21.759708737864077
70-71	22.63349514563107	27.82766990291262	27.924757281553397	21.614077669902912
72-73	23.094660194174757	27.803398058252426	26.601941747572816	22.5
74-75	22.0873786407767	28.446601941747574	28.25242718446602	21.21359223300971
76-77	22.743417023882426	27.65462339252909	27.103490508266994	22.498469075321495
78-79	22.488216323492928	26.95360952617217	28.107169436864304	22.451004713470603
80-81	22.496244366549824	27.491236855282924	27.72909364046069	22.283425137706562
82-83	22.909783989834818	27.801778907242692	27.407878017789074	21.88055908513342
84-85	22.36842105263158	27.334881320949435	26.883384932920535	23.413312693498455
86-87	22.815533980582526	28.10286014169509	27.145106271319865	21.936499606402517
88-89	23.210208193418403	28.381464069845535	27.414372061786434	20.99395567494963
90-91	22.868965517241378	28.013793103448275	26.813793103448276	22.30344827586207
92-93	22.77833072657472	28.209867766244844	27.328309398549695	21.68349210863074
94-95	24.40326167531505	27.739065974796144	26.96812453669385	20.88954781319496
96-97	23.169965441407477	29.4062205466541	26.060320452403392	21.36349355953503
98-99	21.6515609264854	29.439409197717353	27.173548170527024	21.735481705270224
100	23.88059701492537	28.109452736318406	26.545842217484005	21.46410803127221
>>END_MODULE
>>Per sequence GC content	warn
#GC Content	Count
0	0.0
1	0.5
2	0.5
3	0.0
4	0.0
5	0.0
6	0.0
7	0.5
8	1.0
9	0.5
10	2.0
11	2.0
12	0.0
13	1.0
14	3.5
15	4.0
16	6.5
17	8.5
18	7.0
19	14.0
20	20.0
21	20.5
22	22.5
23	24.0
24	27.5
25	38.5
26	52.0
27	63.0
28	68.0
29	74.5
30	78.5
31	91.5
32	105.5
33	113.5
34	116.5
35	121.0
36	128.5
37	118.0
38	123.5
39	133.0
40	122.0
41	120.0
42	125.0
43	128.0
44	122.0
45	108.0
46	105.0
47	113.0
48	110.0
49	95.5
50	98.5
51	94.0
52	79.5
53	86.0
54	85.5
55	77.0
56	78.0
57	77.0
58	69.5
59	63.0
60	69.5
61	69.0
62	66.5
63	68.0
64	65.5
65	64.5
66	52.0
67	44.0
68	44.5
69	39.0
70	31.5
71	19.5
72	14.5
73	17.5
74	13.5
75	12.0
76	10.5
77	4.5
78	2.5
79	2.5
80	2.0
81	0.0
82	0.0
83	0.0
84	0.0
85	0.0
86	0.0
87	0.0
88	0.0
89	0.0
90	0.0
91	0.0
92	0.0
93	0.0
94	0.0
95	0.0
96	0.0
97	0.0
98	0.0
99	0.0
100	0.0
>>END_MODULE
>>Per base N content	pass
#Base	N-Count
1	0.0
2	0.0
3	0.0
4	0.0
5	0.0
6	0.0
7	0.0
8	0.0
9	0.0
10-11	0.0
12-13	0.0
14-15	0.0
16-17	0.0
18-19	0.0
20-21	0.0
22-23	0.0
24-25	0.0
26-27	0.0
28-29	0.0
30-31	0.0
32-33	0.0
34-35	0.0
36-37	0.0
38-39	0.0
40-41	0.0
42-43	0.0
44-45	0.0
46-47	0.0
48-49	0.0
50-51	0.0
52-53	0.0
54-55	0.0
56-57	0.0
58-59	0.0
60-61	0.0
62-63	0.0
64-65	0.0
66-67	0.0
68-69	0.0
70-71	0.0
72-73	0.0
74-75	0.0
76-77	0.0
78-79	0.0
80-81	0.0
82-83	0.0
84-85	0.0
86-87	0.0
88-89	0.0
90-91	0.0
92-93	0.0
94-95	0.0
96-97	0.0
98-99	0.0
100	0.0
>>END_MODULE
>>Sequence Length Distribution	warn
#Length	Count
75	23.0
76	29.0
77	28.0
78	18.0
79	14.0
80	28.0
81	30.0
82	30.0
83	27.0
84	34.0
85	28.0
86	40.0
87	42.0
88	53.0
89	45.0
90	52.0
91	53.0
92	59.0
93	75.0
94	79.0
95	100.0
96	100.0
97	94.0
98	120.0
99	105.0
100	2814.0
>>END_MODULE
>>Sequence Duplication Levels	pass
#Total Deduplicated Percentage	98.20388349514563
#Duplication Level	Percentage of deduplicated	Percentage of total
1	98.17103311913	96.40776699029126
2	1.828966880869995	3.5922330097087376
3	0.0	0.0
4	0.0	0.0
5	0.0	0.0
6	0.0	0.0
7	0.0	0.0
8	0.0	0.0
9	0.0	0.0
>10	0.0	0.0
>50	0.0	0.0
>100	0.0	0.0
>500	0.0	0.0
>1k	0.0	0.0
>5k	0.0	0.0
>10k+	0.0	0.0
>>END_MODULE
>>Overrepresented sequences	pass
>>END_MODULE
>>Adapter Content	pass
#Position	Illumina Universal Adapter	Illumina Small RNA Adapter	Nextera Transposase Sequence
1	0.0	0.0	0.0
2	0.0	0.0	0.0
3	0.0	0.0	0.0
4	0.0	0.0	0.0
5	0.0	0.0	0.0
6	0.0	0.0	0.0
7	0.0	0.0	0.0
8	0.0	0.0	0.0
9	0.0	0.0	0.0
10-11	0.0	0.0	0.0
12-13	0.0	0.0	0.0
14-15	0.0	0.0	0.0
16-17	0.0	0.0	0.0
18-19	0.0	0.0	0.0
20-21	0.0	0.0	0.0
22-23	0.0	0.0	0.0
24-25	0.0	0.0	0.0
26-27	0.0	0.0	0.0
28-29	0.0	0.0	0.0
30-31	0.0	0.0	0.0
32-33	0.0	0.0	0.0
34-35	0.0	0.0	0.0
36-37	0.0	0.0	0.0
38-39	0.0	0.0	0.0
40-41	0.0	0.0	0.0
42-43	0.0	0.0	0.0
44-45	0.0	0.0	0.0
46-47	0.0	0.0	0.0
48-49	0.0	0.0	0.0
50-51	0.0	0.0	0.0
52-53	0.0	0.0	0.0
54-55	0.0	0.0	0.0
56-57	0.0	0.0	0.0
58-59	0.0	0.0	0.0
60-61	0.0	0.0	0.0
62-63	0.0	0.0	0.0
64-65	0.0	0.0	0.0
66-67	0.0	0.0	0.0
68-69	0.0	0.0	0.0
70-71	0.0	0.0	0.0
72-73	0.0	0.0	0.0
74-75	0.0	0.0	0.0
76-77	0.0	0.0	0.0
78-79	0.0	0.0	0.0
80-81	0.0	0.0	0.0
82-83	0.0	0.0	0.0
84-85	0.0	0.0	0.0
86-87	0.0	0.0	0.0
88	0.0	0.0	0.0
>>END_MODULE
>>Kmer Content	pass
>>END_MODULE
