##FastQC	0.11.2
>>Basic Statistics	pass
#Measure	Value
Filename	HOT_Aloha_75m.qfil.fastq
File type	Conventional base calls
Encoding	Sanger / Illumina 1.9
Total Sequences	189943
Sequences flagged as poor quality	0
Sequence length	60-178
%GC	36
>>END_MODULE
>>Per base sequence quality	fail
#Base	Mean	Median	Lower Quartile	Upper Quartile	10th Percentile	90th Percentile
1	28.227194474131714	27.0	26.0	31.0	24.0	33.0
2	27.382530548638275	27.0	25.0	31.0	23.0	33.0
3	26.517892209768192	27.0	25.0	30.0	20.0	33.0
4	26.379892915242994	27.0	25.0	30.0	18.0	33.0
5	26.40544268543721	27.0	25.0	30.0	19.0	33.0
6	26.33002532338649	27.0	25.0	30.0	19.0	33.0
7	26.250822615205614	27.0	25.0	30.0	18.0	33.0
8	26.215601522562032	27.0	25.0	30.0	18.0	33.0
9	26.135872340649563	27.0	25.0	29.0	18.0	33.0
10-14	26.028889719547443	27.0	24.8	29.0	18.0	33.0
15-19	25.994215106637256	27.0	24.4	29.0	18.0	33.0
20-24	26.036947926483208	27.0	25.0	29.0	18.0	33.0
25-29	26.076577710155153	27.0	25.0	29.0	18.0	33.0
30-34	26.091724359413085	27.0	25.0	29.0	18.0	33.0
35-39	26.110443659413612	27.0	25.0	29.0	18.0	33.0
40-44	26.133570597495037	27.0	25.0	29.0	18.0	33.0
45-49	26.14504140715899	27.0	25.0	29.0	18.0	33.0
50-54	26.153569228663333	27.0	25.0	29.2	18.2	33.0
55-59	26.165445423100614	27.0	25.0	29.2	18.0	33.0
60-64	26.17387796639245	27.0	25.0	29.2	18.0	33.0
65-69	26.173117966553285	27.0	25.0	29.0	18.0	33.0
70-74	26.159312712114975	27.0	25.0	29.2	18.0	33.0
75-79	26.15510292249825	27.0	25.0	29.2	18.0	33.0
80-84	26.137916299001084	27.0	25.0	29.0	18.0	33.0
85-89	26.122895583574326	27.0	25.0	29.0	18.0	33.0
90-94	26.069221161873394	27.0	24.6	29.0	18.0	33.0
95-99	25.966435909563426	27.0	24.0	29.0	17.4	33.0
100-104	25.809747179015726	27.0	24.0	29.0	16.2	33.0
105-109	25.64479854574055	27.0	24.0	29.0	16.0	33.0
110-114	25.45636998960207	27.0	23.4	29.0	15.4	33.0
115-119	25.216525252570097	27.0	23.0	28.4	14.8	33.0
120-124	25.031718304959625	27.0	23.0	28.2	14.0	33.0
125-129	24.859377593819126	26.4	22.8	28.2	13.6	33.0
130-134	24.62425743166346	26.0	22.0	28.0	12.8	33.0
135-139	24.528325820635615	26.0	22.0	28.2	12.8	33.0
140-144	24.11545412964457	26.0	21.2	28.0	11.2	33.0
145-149	24.29348040514654	26.0	21.4	28.6	11.6	32.8
150-154	24.296499070977333	26.0	21.5	28.0	10.0	32.5
155-159	26.427916699743328	0.0	0.0	0.0	0.0	0.0
160-164	23.615000000000002	0.0	0.0	0.0	0.0	0.0
165-169	24.057142857142857	0.0	0.0	0.0	0.0	0.0
170-174	23.833333333333336	0.0	0.0	0.0	0.0	0.0
175-178	16.75	0.0	0.0	0.0	0.0	0.0
>>END_MODULE
>>Per sequence quality scores	warn
#Quality	Count
22	16.0
23	625.0
24	16700.0
25	61893.0
26	86479.0
27	24222.0
28	8.0
>>END_MODULE
>>Per base sequence content	fail
#Base	G	A	T	C
1	17.525708057560777	34.29267958782862	30.78279916386287	17.39881319074773
2	17.786213723095067	32.5460174381871	33.2262752200834	16.441493618634432
3	17.340873072285667	32.254497780726275	32.45352161619991	17.951107530788146
4	17.69078895411588	32.10572037802406	32.66327954300156	17.540211124858505
5	18.19947981930565	32.332810344646035	32.124316867964666	17.343392968083652
6	17.985952423575498	32.24255762770763	32.02457799353432	17.746911955182547
7	17.95498222982756	32.57549032512834	32.027379228642886	17.44214821640121
8	17.72141901923826	31.848431560436786	32.648183053060535	17.781966367264417
9	17.763199460859678	31.663963944990837	32.594823410483755	17.978013183665734
10-14	18.030970772057856	31.909478151441917	32.0738622901101	17.98568878639013
15-19	18.167515780029444	31.738341101369183	32.013714988553296	18.08042813004808
20-24	18.180229019369975	31.781544922463233	31.903489207193658	18.134736850973134
25-29	18.160727562232644	31.985757944021685	31.774507098912995	18.079007394832676
30-34	18.00729365106946	32.05352187726742	31.852804306687183	18.086380164975942
35-39	18.05433719219578	32.074823950151064	31.834193530043	18.036645327610156
40-44	18.054648698970887	32.106057989207585	31.858995151418135	17.98029816040339
45-49	17.97388718285712	32.195346956312946	31.83781745881302	17.99294840201691
50-54	17.970129824993762	32.180526988159144	31.945563443843085	17.903779743004016
55-59	18.05718654981785	32.03944437481635	31.908742492014124	17.99462658335168
60-64	18.03113610988224	32.24725610398365	31.72691651393541	17.994691272198697
65-69	18.123303949164825	32.15891469601713	31.680754774225083	18.037026580592965
70-74	18.10028497832374	32.338560569745944	31.455180442374854	18.105974009555464
75-79	18.317784781914572	32.24077229565325	31.30743769778168	18.134005224650487
80-84	18.48839453212739	32.30918809705337	31.13614530376894	18.0662720670503
85-89	18.58465062419158	32.29506045036634	30.961151298449735	18.15913762699234
90-94	18.713531491677028	32.46632330701627	30.753938141444802	18.066207059861902
95-99	18.824163174577972	32.547589749987246	30.763647498454787	17.86459957698
100-104	18.844565132781984	32.858293147604876	30.60295819705916	17.69418352255399
105-109	18.653022565003006	33.34639214834814	30.59727558505065	17.40330970159821
110-114	18.419512153128995	33.841525091788725	30.723290878804445	17.015671876277832
115-119	18.148965082616144	34.49133794171902	30.757363898352928	16.602333077311908
120-124	18.049203107683134	35.346801460453555	30.500751042176503	16.103244389686814
125-129	17.687516221126394	35.39990483605848	30.52491565014275	16.38766329267238
130-134	17.580451517220276	36.474493279032	29.9606864568375	15.984368746910238
135-139	18.432041404458037	37.016997000529315	28.642004352173146	15.9089572428395
140-144	18.411614005123823	37.79675491033305	27.514944491887277	16.27668659265585
145-149	19.342604298356513	36.03034134007586	27.054361567635905	17.572692793931733
150-154	17.715617715617714	36.82983682983683	24.941724941724942	20.51282051282051
155-159	26.548672566371685	31.858407079646017	17.699115044247787	23.893805309734514
160-164	22.727272727272727	34.090909090909086	13.636363636363635	29.545454545454547
165-169	33.33333333333333	30.0	6.666666666666667	30.0
170-174	22.22222222222222	33.33333333333333	0.0	44.44444444444444
175-178	25.0	25.0	0.0	50.0
>>END_MODULE
>>Per sequence GC content	fail
#GC Content	Count
0	0.0
1	0.0
2	0.5
3	0.5
4	0.0
5	0.5
6	1.0
7	2.5
8	5.0
9	7.0
10	10.0
11	29.0
12	57.5
13	97.5
14	152.0
15	254.5
16	401.5
17	624.0
18	869.0
19	1209.5
20	1656.5
21	2113.5
22	2687.0
23	3336.0
24	4053.0
25	4845.5
26	5589.5
27	6212.0
28	6979.0
29	7621.5
30	8161.5
31	8697.0
32	8979.0
33	9088.5
34	8908.0
35	8696.5
36	8453.5
37	8040.0
38	7408.5
39	6610.5
40	5887.0
41	5246.5
42	4590.5
43	4017.5
44	3500.0
45	2999.5
46	2662.5
47	2385.0
48	2143.0
49	1982.5
50	1862.0
51	1710.0
52	1615.0
53	1581.0
54	1474.5
55	1369.0
56	1320.5
57	1234.0
58	1154.5
59	1084.5
60	1018.0
61	962.0
62	867.0
63	813.5
64	795.5
65	721.0
66	620.5
67	573.0
68	526.5
69	452.0
70	394.5
71	346.5
72	297.0
73	242.0
74	190.5
75	150.0
76	122.0
77	109.5
78	89.5
79	65.5
80	57.0
81	42.5
82	23.0
83	15.0
84	6.5
85	2.0
86	1.5
87	1.0
88	1.0
89	0.5
90	0.0
91	0.0
92	0.0
93	0.0
94	0.0
95	0.0
96	0.0
97	0.0
98	0.0
99	0.0
100	0.0
>>END_MODULE
>>Per base N content	pass
#Base	N-Count
1	0.011582422095049567
2	0.007897105973897431
3	0.008423579705490595
4	0.004211789852745298
5	0.004738263584338459
6	0.008950053437083758
7	0.009476527168676918
8	0.004738263584338459
9	0.005791211047524784
10-14	0.011582422095049567
15-19	0.010213590392907347
20-24	0.010634769378181875
25-29	0.014004201260378114
30-34	0.012845959050873157
35-39	0.013267138036147685
40-44	0.016741864664662556
45-49	0.015057148723564439
50-54	0.02169071774163828
55-59	0.02379661266801093
60-64	0.03316854358504573
65-69	0.04275169269325134
70-74	0.04633359132719413
75-79	0.06139776272028949
80-84	0.06807531279341672
85-89	0.08481889790427521
90-94	0.10537237845887519
95-99	0.15151292106267403
100-104	0.18100204566703265
105-109	0.18139243428646812
110-114	0.18667176487520487
115-119	0.16711887066965514
120-124	0.17970158305863324
125-129	0.1544026345624359
130-134	0.1480889473931644
135-139	0.035275442412840266
140-144	0.0682710360129715
145-149	0.0
150-154	0.0
155-159	0.0
160-164	0.0
165-169	0.0
170-174	0.0
175-178	0.0
>>END_MODULE
>>Sequence Length Distribution	warn
#Length	Count
60-64	7.0
65-69	6.0
70-74	8.0
75-79	44.0
80-84	332.0
85-89	1655.0
90-94	6152.0
95-99	15027.0
100-104	26221.0
105-109	33522.0
110-114	33926.0
115-119	28530.0
120-124	20310.0
125-129	12592.0
130-134	6727.0
135-139	3089.0
140-144	1283.0
145-149	368.0
150-154	106.0
155-159	28.0
160-164	3.0
165-169	4.0
170-174	2.0
175-179	1.0
>>END_MODULE
>>Sequence Duplication Levels	pass
#Total Deduplicated Percentage	91.65062754794988
#Duplication Level	Percentage of deduplicated	Percentage of total
1	92.28269528320767	84.57766934522218
2	6.576358232918844	12.054547180542775
3	0.9326822101443973	2.5644272958762864
4	0.1742681064012527	0.6388712525307084
5	0.026722794447197766	0.1224580440460273
6	0.0050580793225548535	0.02781456864596769
7	0.0022152935580792735	0.014212313136062731
8	0.0	0.0
9	0.0	0.0
>10	0.0	0.0
>50	0.0	0.0
>100	0.0	0.0
>500	0.0	0.0
>1k	0.0	0.0
>5k	0.0	0.0
>10k+	0.0	0.0
>>END_MODULE
>>Overrepresented sequences	pass
>>END_MODULE
>>Adapter Content	pass
#Position	Illumina Universal Adapter	Illumina Small RNA Adapter	Nextera Transposase Sequence
1	0.0	0.0	0.0
2	0.0	0.0	0.0
3	0.0	0.0	0.0
4	0.0	0.0	0.0
5	0.0	0.0	0.0
6	0.0	0.0	0.0
7	0.0	0.0	0.0
8	0.0	0.0	0.0
9	0.0	0.0	0.0
10-14	0.0	0.0	0.0
15-19	0.0	0.0	0.0
20-24	3.158842389558973E-4	0.0	2.1058949263726487E-4
25-29	5.264737315931622E-4	0.0	5.264737315931622E-4
30-34	5.264737315931622E-4	0.0	5.264737315931622E-4
35-39	5.264737315931622E-4	0.0	5.264737315931622E-4
40-44	5.264737315931622E-4	0.0	5.264737315931622E-4
45-49	5.264737315931622E-4	0.0	5.264737315931622E-4
50-54	5.264737315931622E-4	0.0	5.264737315931622E-4
55-59	5.264737315931622E-4	0.0	5.264737315931622E-4
60-64	5.264737315931622E-4	0.0	5.264737315931622E-4
65-69	5.264737315931622E-4	0.0	5.264737315931622E-4
70-74	5.264737315931622E-4	0.0	5.264737315931622E-4
75-79	5.264737315931622E-4	0.0	5.264737315931622E-4
80-84	5.264737315931622E-4	0.0	5.264737315931622E-4
85-89	5.264737315931622E-4	0.0	5.264737315931622E-4
90-94	5.264737315931622E-4	0.0	5.264737315931622E-4
95-99	5.264737315931622E-4	0.0	5.264737315931622E-4
100-104	5.264737315931622E-4	0.0	5.264737315931622E-4
105-109	5.264737315931622E-4	0.0	5.264737315931622E-4
110-114	5.264737315931622E-4	0.0	5.264737315931622E-4
115-119	5.264737315931622E-4	0.0	5.264737315931622E-4
120-124	5.264737315931622E-4	0.0	5.264737315931622E-4
125-129	5.264737315931622E-4	0.0	5.264737315931622E-4
130-134	5.264737315931622E-4	0.0	5.264737315931622E-4
135-139	5.264737315931622E-4	0.0	5.264737315931622E-4
140-144	5.264737315931622E-4	0.0	5.264737315931622E-4
145-149	5.264737315931622E-4	0.0	5.264737315931622E-4
150-154	5.264737315931622E-4	0.0	5.264737315931622E-4
155-159	5.264737315931622E-4	0.0	5.264737315931622E-4
160-164	5.264737315931622E-4	0.0	5.264737315931622E-4
165-166	5.264737315931622E-4	0.0	5.264737315931622E-4
>>END_MODULE
>>Kmer Content	fail
#Sequence	Count	PValue	Obs/Exp Max	Max Obs/Exp Position
AGACTTA	150	0.0	13369.566	150
TCGGTGT	15	5.0411367E-5	12154.151	140-144
CTAATAG	175	1.24761E-4	5729.814	145-149
CGGGGCT	15	2.5295702E-4	5570.653	135-139
TTCGGTG	65	2.581566E-4	5142.1406	140-144
AATAGAC	105	2.6946494E-4	4774.845	145-149
ATAGACT	95	3.676282E-4	4221.9683	145-149
GTTAATA	280	3.1938814E-4	3581.134	145-149
CGGTGTA	35	5.9875526E-4	3581.134	140-144
TAGACTT	95	5.5142486E-4	3518.3071	145-149
CTCCAGT	110	7.392917E-4	3038.5378	140-144
TTAAGGG	130	0.0010325371	2571.0703	140-144
TAATAGA	360	0.0015837151	1856.8843	145-149
GCTCCGA	45	0.0022761137	1856.8843	135-139
CTCCGAA	35	0.004090304	1397.5157	135-139
AATGAGC	95	0.004410006	1319.3651	140-144
CCAGTTA	100	0.0048863203	1253.3969	140-144
CCGAATT	80	0.007191802	1044.4974	135-139
GTCACGT	10	0.0075431988	1039.0854	125-129
GCACCTC	50	0.008345937	978.261	135-139
>>END_MODULE
