##FastQC	0.11.2
>>Basic Statistics	pass
#Measure	Value
Filename	HOT_Aloha_125m.qfil.trim.len.fastqc
File type	Conventional base calls
Encoding	Sanger / Illumina 1.9
Total Sequences	115320
Sequences flagged as poor quality	0
Sequence length	75-100
%GC	38
>>END_MODULE
>>Per base sequence quality	pass
#Base	Mean	Median	Lower Quartile	Upper Quartile	10th Percentile	90th Percentile
1	27.879474505723206	27.0	26.0	31.0	23.0	33.0
2	26.956729101630245	27.0	25.0	30.0	22.0	33.0
3	26.15300034686091	27.0	24.0	29.0	19.0	33.0
4	25.932318765175165	27.0	24.0	29.0	18.0	33.0
5	25.831520985084982	27.0	24.0	28.0	18.0	33.0
6	25.748109608047173	27.0	24.0	28.0	18.0	33.0
7	25.699956642386404	27.0	24.0	28.0	18.0	33.0
8	25.631052722858133	27.0	24.0	28.0	18.0	33.0
9	25.57496531390912	27.0	24.0	28.0	17.0	33.0
10-11	25.532869406867846	27.0	24.0	28.0	17.0	33.0
12-13	25.50329517863337	27.0	24.0	28.0	17.0	33.0
14-15	25.531763787721125	27.0	24.0	28.0	17.5	33.0
16-17	25.5735908775581	27.0	24.0	28.0	18.0	33.0
18-19	25.61077436697884	27.0	24.0	28.0	18.0	33.0
20-21	25.592147936177593	27.0	24.0	28.0	18.0	33.0
22-23	25.643973291710026	27.0	24.0	28.0	18.0	33.0
24-25	25.62769684356573	27.0	24.0	28.0	18.0	33.0
26-27	25.650112729795353	27.0	24.0	28.0	18.0	33.0
28-29	25.663961151578217	27.0	24.0	28.0	18.0	33.0
30-31	25.691267776621572	27.0	24.0	28.0	18.0	33.0
32-33	25.712712452306626	27.0	24.0	28.0	18.0	33.0
34-35	25.71204908081859	27.0	24.0	28.0	18.0	33.0
36-37	25.730055497745404	27.0	24.0	28.0	18.0	33.0
38-39	25.759902878945542	27.0	24.0	28.0	18.0	33.0
40-41	25.744385189039196	27.0	24.0	28.0	18.0	33.0
42-43	25.765656434269857	27.0	24.0	28.0	18.0	33.0
44-45	25.781347554630592	27.0	24.0	28.0	18.0	33.0
46-47	25.787898890045092	27.0	24.0	28.0	18.0	33.0
48-49	25.784989594172735	27.0	24.0	28.0	18.0	33.0
50-51	25.788705341657995	27.0	24.0	28.0	18.0	33.0
52-53	25.83251387443635	27.0	24.0	28.0	18.0	33.0
54-55	25.831217481789803	27.0	24.0	28.0	18.0	33.0
56-57	25.85667273673257	27.0	24.0	28.0	18.0	33.0
58-59	25.812408949011445	27.0	24.0	28.0	18.0	33.0
60-61	25.82630506416927	27.0	24.0	28.0	18.0	33.0
62-63	25.840543704474506	27.0	24.0	28.0	18.0	33.0
64-65	25.843552722858135	27.0	24.0	28.0	18.0	33.0
66-67	25.838510232396807	27.0	24.0	28.0	18.0	33.0
68-69	25.838401838362817	27.0	24.0	28.0	18.0	33.0
70-71	25.8170395421436	27.0	24.0	28.0	18.0	33.0
72-73	25.823499826569545	27.0	24.0	28.0	18.0	33.0
74-75	25.822953520638222	27.0	24.0	28.0	18.0	33.0
76-77	25.805334089877686	27.0	24.0	28.0	18.0	33.0
78-79	25.809848876122082	27.0	24.0	28.0	18.0	33.0
80-81	25.803374880628333	27.0	24.0	28.0	18.0	33.0
82-83	25.7927525398103	27.0	24.0	28.0	18.0	33.0
84-85	25.767708297182445	27.0	24.0	28.0	17.5	33.0
86-87	25.778084828245568	27.0	24.0	28.0	18.0	33.0
88-89	25.733343114977927	27.0	24.0	28.0	17.5	33.0
90-91	25.721854113092878	27.0	24.0	28.0	17.0	33.0
92-93	25.652272198547934	27.0	24.0	28.0	17.0	33.0
94-95	25.63506399858518	27.0	24.0	28.0	17.0	33.0
96-97	25.566740467999065	27.0	24.0	28.0	16.5	33.0
98-99	25.49915034922462	27.0	23.5	28.5	16.0	33.0
100	25.426007081135953	27.0	23.0	28.0	16.0	33.0
>>END_MODULE
>>Per sequence quality scores	warn
#Quality	Count
20	1.0
21	25.0
22	421.0
23	3746.0
24	17468.0
25	41989.0
26	45437.0
27	6232.0
28	1.0
>>END_MODULE
>>Per base sequence content	warn
#Base	G	A	T	C
1	18.78165105792577	33.34547346514048	29.714706902532086	18.158168574401664
2	18.97242455775234	31.55913978494624	32.402011793270894	17.066423864030526
3	18.716614637530352	31.85397155740548	30.9105098855359	18.518903919528267
4	19.526534859521334	31.87825182101977	30.546305931321537	18.048907388137355
5	19.89420742282345	31.225286160249738	30.490808185917444	18.389698231009366
6	20.019944502254596	30.867152271938952	30.464793617759277	18.64810960804717
7	19.708636836628514	31.29986125563649	30.507284079084286	18.484217828650713
8	18.834547346514046	31.35275754422477	31.177592785293097	18.635102323968088
9	19.15539368713146	30.906174124176207	30.992889351370103	18.945542837322236
10-11	19.206989247311828	30.97684703433923	31.021938952480056	18.794224765868886
12-13	19.287634408602152	30.72884148456469	30.915712799167533	19.067811307665625
14-15	19.623222337842524	30.459157127991677	30.80948664585501	19.10813388831079
16-17	19.42377731529657	30.94519597641346	30.554977454040927	19.076049254249046
18-19	19.585067637877213	30.652098508498092	30.659035726673604	19.103798126951094
20-21	19.588536246964967	30.765695456122096	30.458723551855705	19.187044745057232
22-23	19.593739160596602	30.724939299340964	30.594432882414154	19.08688865764828
24-25	19.5525494276795	30.783472077696842	30.63085327783559	19.03312521678807
26-27	19.519597641345822	30.86845300034686	30.54804023586542	19.063909122441903
28-29	19.63232743669788	31.048820672910164	30.450485605272288	18.868366285119667
30-31	19.49358307318765	30.813388831078736	30.48170308706209	19.211325008671523
32-33	19.50442247658689	30.961238293444325	30.518557058619493	19.015782171349287
34-35	19.457162677766217	31.130332986472425	30.43964620187305	18.97285813388831
36-37	19.432882414151926	31.17369060006937	30.335587929240376	19.057839056538327
38-39	19.391692681234826	31.16631980575789	30.37200832466181	19.069979188345474
40-41	19.613683662851198	31.170655567117585	30.493409642733265	18.722251127297955
42-43	19.46063128685397	31.056625043357617	30.541970169961846	18.94077349982657
44-45	19.3877904960111	31.245230662504337	30.51465487339577	18.852323968088797
46-47	19.598074921956297	31.008498092265	30.53676725633021	18.85665972944849
48-49	19.31191467221644	31.03494623655914	30.641692681234822	19.011446409989592
50-51	19.519597641345822	31.10952133194589	30.570586194935828	18.80029483177246
52-53	19.53563995837669	31.116024973985436	30.488640305237602	18.859694762400277
54-55	19.450225459590705	31.16501907734998	30.543704474505724	18.84105098855359
56-57	19.517429760665973	31.154179673950743	30.453954214360042	18.874436351023242
58-59	19.448924731182796	31.331945889698233	30.39542143600416	18.82370794311481
60-61	19.42681234824835	31.07440166493236	30.510319112036072	18.98846687478321
62-63	19.405133541449878	31.229188345473464	30.41970169961845	18.945976413458204
64-65	19.467568505029483	31.281217481789803	30.427506070065903	18.82370794311481
66-67	19.354405133541448	31.349722511272983	30.245837669094694	19.05003468609088
68-69	19.429847381200137	31.38007284079084	30.34816163718349	18.841918140825527
70-71	19.322754075615677	31.28078390565383	30.657301422129724	18.73916059660076
72-73	19.391692681234826	31.00893166840097	30.517689906347556	19.08168574401665
74-75	19.455861949358308	31.284686090877557	30.55367672563302	18.705775234131114
76-77	19.51240870798816	31.328265933411565	30.412718706762178	18.7466066518381
78-79	19.529291719349615	31.138617155786253	30.438100308333887	18.893990816530245
80-81	19.48126101499838	31.53481638672086	30.241340862496852	18.742581735783908
82-83	19.577460292850205	31.32293324456321	30.466088748842875	18.633517713743714
84-85	19.38378854217342	31.230337989668033	30.4718882479672	18.91398522019135
86-87	19.44249194495681	31.202619127366386	30.551139499667418	18.80374942800938
88-89	19.706672573018885	31.34106295080073	30.34677349460243	18.60549098157796
90-91	19.43030129436573	31.609487735378504	30.31759122537569	18.642619744880072
92-93	19.550608773683027	31.672037199437113	30.328044378275855	18.449309648604
94-95	19.468909097665726	31.784760600317462	30.54622094103532	18.20010936098149
96-97	19.290292324527123	32.279081712409834	30.52993590745662	17.90069005560642
98-99	19.2757154065326	32.18931211250656	30.610138096614538	17.924834384346298
100	19.11659115105598	33.11050038376786	30.4909752655426	17.281933199633563
>>END_MODULE
>>Per sequence GC content	fail
#GC Content	Count
0	1.0
1	0.5
2	0.5
3	1.5
4	1.0
5	0.5
6	1.5
7	5.0
8	8.5
9	11.5
10	26.5
11	61.5
12	88.0
13	117.5
14	185.0
15	265.0
16	388.0
17	543.5
18	718.0
19	910.0
20	1138.0
21	1428.5
22	1673.0
23	2022.5
24	2429.0
25	2758.5
26	3096.5
27	3398.5
28	3745.0
29	4008.0
30	4200.0
31	4402.5
32	4551.0
33	4635.0
34	4655.0
35	4543.0
36	4344.5
37	4175.0
38	3853.5
39	3531.0
40	3326.5
41	3094.0
42	2823.0
43	2625.0
44	2456.0
45	2272.0
46	2124.0
47	1983.0
48	1895.0
49	1789.5
50	1686.0
51	1675.0
52	1592.5
53	1443.5
54	1385.0
55	1352.5
56	1218.0
57	1135.0
58	1125.0
59	1029.5
60	953.0
61	908.0
62	840.0
63	791.5
64	732.0
65	641.5
66	585.5
67	561.0
68	526.5
69	467.0
70	403.5
71	338.0
72	279.0
73	248.0
74	220.0
75	185.0
76	158.5
77	134.5
78	102.5
79	76.0
80	57.5
81	39.0
82	21.5
83	10.0
84	8.0
85	7.0
86	3.0
87	0.5
88	1.0
89	0.5
90	0.0
91	0.0
92	0.0
93	0.0
94	0.0
95	0.0
96	0.0
97	0.0
98	0.0
99	0.0
100	0.0
>>END_MODULE
>>Per base N content	pass
#Base	N-Count
1	0.0
2	0.0
3	0.0
4	0.0
5	0.0
6	0.0
7	0.0
8	0.0
9	0.0
10-11	0.0
12-13	0.0
14-15	0.0
16-17	0.0
18-19	0.0
20-21	0.0
22-23	0.0
24-25	0.0
26-27	0.0
28-29	0.0
30-31	0.0
32-33	0.0
34-35	0.0
36-37	0.0
38-39	0.0
40-41	0.0
42-43	0.0
44-45	0.0
46-47	0.0
48-49	0.0
50-51	0.0
52-53	0.0
54-55	0.0
56-57	0.0
58-59	0.0
60-61	0.0
62-63	0.0
64-65	0.0
66-67	0.0
68-69	0.0
70-71	0.0
72-73	0.0
74-75	0.0
76-77	0.0
78-79	0.0
80-81	0.0
82-83	0.0
84-85	0.0
86-87	0.0
88-89	0.0
90-91	0.0
92-93	0.0
94-95	0.0
96-97	0.0
98-99	0.0
100	0.0
>>END_MODULE
>>Sequence Length Distribution	warn
#Length	Count
75	763.0
76	726.0
77	766.0
78	725.0
79	727.0
80	802.0
81	761.0
82	807.0
83	871.0
84	909.0
85	983.0
86	981.0
87	1101.0
88	1110.0
89	1341.0
90	1401.0
91	1587.0
92	1786.0
93	1856.0
94	2267.0
95	2295.0
96	2394.0
97	2348.0
98	2507.0
99	2728.0
100	80778.0
>>END_MODULE
>>Sequence Duplication Levels	pass
#Total Deduplicated Percentage	95.65294810763173
#Duplication Level	Percentage of deduplicated	Percentage of total
1	95.89100017605983	91.72256863829556
2	3.720954857593296	7.118406038084234
3	0.354679464507388	1.0177840924010337
4	0.021759419274364134	0.08325410410811818
5	0.009014080443492976	0.043111168444972585
6	0.002592002121627941	0.014875958666096931
7	0.0	0.0
8	0.0	0.0
9	0.0	0.0
>10	0.0	0.0
>50	0.0	0.0
>100	0.0	0.0
>500	0.0	0.0
>1k	0.0	0.0
>5k	0.0	0.0
>10k+	0.0	0.0
>>END_MODULE
>>Overrepresented sequences	pass
>>END_MODULE
>>Adapter Content	pass
#Position	Illumina Universal Adapter	Illumina Small RNA Adapter	Nextera Transposase Sequence
1	0.0	0.0	0.0
2	0.0	0.0	0.0
3	0.0	0.0	0.0
4	0.0	0.0	0.0
5	0.0	0.0	0.0
6	0.0	0.0	0.0
7	0.0	0.0	0.0
8	0.0	0.0	0.0
9	0.0	0.0	0.0
10-11	0.0	0.0	0.0
12-13	0.0	0.0	0.0
14-15	0.0	0.0	0.0
16-17	0.0	0.0	0.0
18-19	0.0	0.0	8.671522719389525E-4
20-21	0.0	0.0	8.671522719389525E-4
22-23	0.0	0.0	8.671522719389525E-4
24-25	0.0	0.0	8.671522719389525E-4
26-27	0.0	0.0	8.671522719389525E-4
28-29	0.0	0.0	8.671522719389525E-4
30-31	0.0	0.0	8.671522719389525E-4
32-33	0.0	0.0	8.671522719389525E-4
34-35	0.0	0.0	8.671522719389525E-4
36-37	0.0	0.0	8.671522719389525E-4
38-39	0.0	0.0	8.671522719389525E-4
40-41	0.0	0.0	8.671522719389525E-4
42-43	0.0	0.0	8.671522719389525E-4
44-45	0.0	0.0	8.671522719389525E-4
46-47	0.0	0.0	8.671522719389525E-4
48-49	0.0	0.0	8.671522719389525E-4
50-51	0.0	0.0	8.671522719389525E-4
52-53	0.0	0.0	8.671522719389525E-4
54-55	0.0	0.0	8.671522719389525E-4
56-57	0.0	0.0	8.671522719389525E-4
58-59	0.0	0.0	8.671522719389525E-4
60-61	0.0	0.0	8.671522719389525E-4
62-63	0.0	0.0	8.671522719389525E-4
64-65	0.0	0.0	8.671522719389525E-4
66-67	0.0	0.0	8.671522719389525E-4
68-69	0.0	0.0	8.671522719389525E-4
70-71	0.0	0.0	8.671522719389525E-4
72-73	0.0	0.0	8.671522719389525E-4
74-75	0.0	0.0	8.671522719389525E-4
76-77	0.0	0.0	8.671522719389525E-4
78-79	0.0	0.0	8.671522719389525E-4
80-81	0.0	0.0	8.671522719389525E-4
82-83	0.0	4.3357613596947626E-4	8.671522719389525E-4
84-85	0.0	8.671522719389525E-4	8.671522719389525E-4
86-87	0.0	8.671522719389525E-4	8.671522719389525E-4
88	0.0	8.671522719389525E-4	8.671522719389525E-4
>>END_MODULE
>>Kmer Content	pass
>>END_MODULE
