##FastQC	0.11.2
>>Basic Statistics	pass
#Measure	Value
Filename	HOT_Aloha_75m.fastq
File type	Conventional base calls
Encoding	Sanger / Illumina 1.9
Total Sequences	208633
Sequences flagged as poor quality	0
Sequence length	60-277
%GC	35
>>END_MODULE
>>Per base sequence quality	fail
#Base	Mean	Median	Lower Quartile	Upper Quartile	10th Percentile	90th Percentile
1	28.124304400550248	27.0	26.0	31.0	24.0	33.0
2	27.284902196680296	27.0	25.0	31.0	22.0	33.0
3	26.381257998494966	27.0	25.0	30.0	19.0	33.0
4	26.229838999583	27.0	25.0	30.0	17.0	33.0
5	26.246725110600913	27.0	25.0	30.0	18.0	33.0
6	26.165496350050088	27.0	25.0	30.0	18.0	33.0
7	26.08630465937795	27.0	25.0	30.0	17.0	33.0
8	26.050667919264928	27.0	25.0	30.0	17.0	33.0
9	25.97338867772596	27.0	24.0	29.0	17.0	33.0
10-14	25.869936203764507	27.0	24.0	29.0	17.0	33.0
15-19	25.845518206611608	27.0	24.0	29.0	17.0	33.0
20-24	25.8850459898482	27.0	24.0	29.0	17.0	33.0
25-29	25.9215272751674	27.0	24.0	29.0	17.4	33.0
30-34	25.93778165486764	27.0	24.0	29.0	17.2	33.0
35-39	25.950043377605652	27.0	24.0	29.0	17.0	33.0
40-44	25.973070415514325	27.0	24.0	29.0	17.2	33.0
45-49	25.975888761605308	27.0	24.0	29.0	17.0	33.0
50-54	25.97783955558325	27.0	24.0	29.2	17.0	33.0
55-59	25.984147282548783	27.0	24.0	29.0	17.0	33.0
60-64	25.98312604409521	27.0	24.0	29.2	17.0	33.0
65-69	25.978411789195967	27.0	24.0	29.0	17.0	33.0
70-74	25.95910028413917	27.0	24.0	29.2	17.0	33.0
75-79	25.940544236051018	27.0	24.0	29.0	17.0	33.0
80-84	25.92062308577325	27.0	24.0	29.0	17.0	33.0
85-89	25.897537971409225	27.0	24.0	29.0	17.0	33.0
90-94	25.840062216505846	27.0	24.0	29.0	16.0	33.0
95-99	25.74034994722108	27.0	24.0	29.0	16.0	33.0
100-104	25.576101529697308	27.0	24.0	29.0	16.0	33.0
105-109	25.388952668488635	27.0	23.2	29.0	15.0	33.0
110-114	25.162900620932827	27.0	23.0	29.0	14.6	33.0
115-119	24.8707131372158	26.6	22.6	28.6	13.8	33.0
120-124	24.595981147924807	26.0	22.0	28.2	12.8	33.0
125-129	24.324132162640673	26.0	21.0	28.2	12.0	33.0
130-134	23.998361814049115	26.0	20.6	28.2	10.8	33.0
135-139	23.72814616755415	26.0	19.8	28.2	10.0	33.0
140-144	23.316834913395304	25.8	18.8	28.2	9.6	33.0
145-149	23.34752577441545	25.6	18.8	29.2	9.4	33.0
150-154	22.75061763208742	25.0	18.0	28.4	8.2	33.0
155-159	22.794790016254897	24.8	17.4	29.0	8.4	33.0
160-164	22.315102957482075	24.6	16.0	29.2	7.8	33.0
165-169	22.723424971652623	25.0	16.6	30.4	7.8	33.6
170-174	23.03582524545268	24.5	16.75	30.0	8.25	33.0
175-179	22.556947449190034	0.0	0.0	0.0	0.0	0.0
180-184	23.19108424602661	0.0	0.0	0.0	0.0	0.0
185-189	22.751177996177994	0.0	0.0	0.0	0.0	0.0
190-194	21.931495098039214	0.0	0.0	0.0	0.0	0.0
195-199	24.05690564607806	0.0	0.0	0.0	0.0	0.0
200-204	22.124319408922993	0.0	0.0	0.0	0.0	0.0
205-209	25.152023809523808	0.0	0.0	0.0	0.0	0.0
210-214	20.721818181818183	0.0	0.0	0.0	0.0	0.0
215-219	23.080000000000002	0.0	0.0	0.0	0.0	0.0
220-224	22.779761904761905	0.0	0.0	0.0	0.0	0.0
225-229	20.533333333333335	0.0	0.0	0.0	0.0	0.0
230-234	21.259999999999998	0.0	0.0	0.0	0.0	0.0
235-239	22.07	0.0	0.0	0.0	0.0	0.0
240-244	23.28333333333333	0.0	0.0	0.0	0.0	0.0
245-249	21.266666666666666	0.0	0.0	0.0	0.0	0.0
250-254	21.9	0.0	0.0	0.0	0.0	0.0
255-259	17.4	0.0	0.0	0.0	0.0	0.0
260-264	26.8	0.0	0.0	0.0	0.0	0.0
265-269	21.8	0.0	0.0	0.0	0.0	0.0
270-274	26.4	0.0	0.0	0.0	0.0	0.0
275-277	21.666666666666668	0.0	0.0	0.0	0.0	0.0
>>END_MODULE
>>Per sequence quality scores	warn
#Quality	Count
18	10.0
19	21.0
20	104.0
21	355.0
22	1305.0
23	7153.0
24	26236.0
25	62739.0
26	86480.0
27	24222.0
28	8.0
>>END_MODULE
>>Per base sequence content	fail
#Base	G	A	T	C
1	17.333397257646947	34.55892223607249	31.06721641576374	17.040464090516828
2	17.463361314725947	32.85280764750157	33.441998935716306	16.24183210205618
3	16.97642868442625	32.681530769267646	32.735221787048005	17.606818759258104
4	17.36614782821286	32.52096046633143	32.929863331527706	17.183028373928007
5	17.81497619972101	32.666542032778715	32.484384811922666	17.034096955577606
6	17.63597664451923	32.57638948811613	32.413399679772965	17.374234187591682
7	17.64220860777941	32.915312413112055	32.40333266219883	17.039146316909715
8	17.38530197063462	32.19789754233916	32.990273856375204	17.426526630651015
9	17.39274243804228	32.07804036239874	32.94520876276305	17.584008436795934
10-14	17.665022901802708	32.28986385484754	32.426881548252	17.61823169509776
15-19	17.80821655122688	32.12083208689049	32.34912288775878	17.721828474123846
20-24	17.823855459345545	32.139758172071566	32.24877345818156	17.787612910401325
25-29	17.807991945729558	32.34297768295898	32.15370232758828	17.695328043723183
30-34	17.648818627342873	32.43388369129454	32.19531746663381	17.72198021472878
35-39	17.67667033905862	32.46308191351757	32.202370850221065	17.657876897202748
40-44	17.693757863082634	32.46254487710577	32.23509082819356	17.608606431618032
45-49	17.586059419308686	32.5608490774108	32.23088031943968	17.622211183840832
50-54	17.597214016619223	32.52401577521849	32.33027829142721	17.54849191673508
55-59	17.687704480122925	32.378141596400475	32.32903279642964	17.60512112704696
60-64	17.64847528977457	32.59855980935606	32.116961286002365	17.636003614867004
65-69	17.743260413107983	32.52572808266766	32.08256401791849	17.648447486305866
70-74	17.694613681151964	32.64965649774566	31.918304345781067	17.737425475321306
75-79	17.915014458125217	32.596998126349895	31.738441902921682	17.749545512603202
80-84	18.09537267477797	32.6271752619735	31.583510930261845	17.693941132986694
85-89	18.19082724614746	32.61808497293333	31.403413970453425	17.78767381046578
90-94	18.31163854233743	32.808875115040706	31.19678601497024	17.68270032765162
95-99	18.431675437631192	32.84293408561024	31.23042731069578	17.494963166062796
100-104	18.400907221690847	33.173042228191456	31.11816218878688	17.30788836133082
105-109	18.162950245415338	33.71349057452803	31.14289472408947	16.98066445596716
110-114	17.884268789167926	34.16659805132428	31.385389506426968	16.563743653080827
115-119	17.47528513098617	34.89095915848113	31.58122408499594	16.052531625536766
120-124	17.23839568118966	35.65709507013099	31.60903836918542	15.495470879493931
125-129	16.769400760255458	35.96619851423568	31.779234046101777	15.485166679407083
130-134	16.33516033828526	36.72031943652191	31.815927184345625	15.128593040847202
135-139	16.442223147762505	37.24142718311815	31.699754731824704	14.616594937294646
140-144	16.28403630539242	37.35540131696031	31.59814913685709	14.762413240790176
145-149	16.011430550744716	37.80741253896779	31.511950121233113	14.669206789054382
150-154	15.350074837851322	37.23598869116913	31.564942624313986	15.848993846665557
155-159	16.38897303847319	38.715540745228715	29.86973644350197	15.025749772796123
160-164	15.67887931034483	36.47629310344828	31.950431034482758	15.894396551724139
165-169	15.10989010989011	37.91208791208791	31.135531135531135	15.842490842490841
170-174	19.968553459119498	33.0188679245283	32.075471698113205	14.937106918238992
175-179	21.31979695431472	33.24873096446701	29.695431472081218	15.736040609137056
180-184	26.720647773279353	30.364372469635626	31.983805668016196	10.931174089068826
185-189	15.422885572139302	39.800995024875625	25.870646766169152	18.90547263681592
190-194	16.867469879518072	34.33734939759036	34.93975903614458	13.855421686746988
195-199	22.058823529411764	28.676470588235293	36.029411764705884	13.23529411764706
200-204	22.54901960784314	39.21568627450981	27.450980392156865	10.784313725490197
205-209	17.105263157894736	34.21052631578947	30.263157894736842	18.421052631578945
210-214	7.8431372549019605	35.294117647058826	31.372549019607842	25.49019607843137
215-219	24.0	26.0	36.0	14.000000000000002
220-224	10.0	55.00000000000001	22.5	12.5
225-229	10.0	20.0	60.0	10.0
230-234	0.0	25.0	53.57142857142857	21.428571428571427
235-239	9.090909090909092	31.818181818181817	18.181818181818183	40.909090909090914
240-244	23.52941176470588	5.88235294117647	52.94117647058824	17.647058823529413
245-249	21.428571428571427	57.14285714285714	7.142857142857142	14.285714285714285
250-254	16.666666666666664	33.33333333333333	33.33333333333333	16.666666666666664
255-259	0.0	20.0	80.0	0.0
260-264	0.0	60.0	40.0	0.0
265-269	0.0	60.0	40.0	0.0
270-274	20.0	0.0	40.0	40.0
275-277	66.66666666666666	0.0	0.0	33.33333333333333
>>END_MODULE
>>Per sequence GC content	fail
#GC Content	Count
0	0.0
1	0.0
2	0.5
3	0.5
4	0.5
5	1.5
6	3.5
7	10.0
8	16.5
9	26.5
10	40.5
11	76.0
12	135.0
13	219.66666666666669
14	327.5
15	484.5
16	716.5
17	1026.5
18	1378.0
19	1815.8333333333335
20	2355.333333333333
21	2920.1666666666665
22	3557.6666666666665
23	4265.333333333333
24	5026.333333333334
25	5830.166666666667
26	6576.5
27	7186.166666666667
28	7917.5
29	8515.833333333334
30	9010.833333333332
31	9504.333333333332
32	9717.166666666666
33	9732.666666666666
34	9463.833333333332
35	9200.5
36	8882.333333333334
37	8372.666666666668
38	7697.666666666667
39	6871.833333333334
40	6100.0
41	5413.0
42	4752.0
43	4160.0
44	3604.0
45	3089.0
46	2746.0
47	2457.5
48	2203.6666666666665
49	2034.5
50	1914.0
51	1758.0
52	1653.5
53	1621.5
54	1516.5
55	1406.0
56	1353.0
57	1259.0
58	1175.5
59	1109.5
60	1038.0
61	978.5
62	888.5
63	834.0
64	808.5
65	729.5
66	633.5
67	584.0
68	535.5
69	461.5
70	402.0
71	351.5
72	303.0
73	249.5
74	194.0
75	153.0
76	127.0
77	115.0
78	94.0
79	67.0
80	57.5
81	44.0
82	24.0
83	15.5
84	7.0
85	2.0
86	1.5
87	1.0
88	1.0
89	0.5
90	0.0
91	0.0
92	0.0
93	0.0
94	0.0
95	0.0
96	0.0
97	0.0
98	0.0
99	0.0
100	0.0
>>END_MODULE
>>Per base N content	pass
#Base	N-Count
1	0.02540345966361985
2	0.0201310435070195
3	0.015337937910110098
4	0.012462074551964453
5	0.010544832313200692
6	0.014858627350419158
7	0.014858627350419158
8	0.00958621119381881
9	0.011024142872891633
10-14	0.02243173419353602
15-19	0.01888483605182306
20-24	0.018405525492132115
25-29	0.023006906865165145
30-34	0.025691045999434416
35-39	0.02377380376067065
40-44	0.030388289484405633
45-49	0.03249725594704577
50-54	0.04956071187204325
55-59	0.05579174914802548
60-64	0.07506147275786204
65-69	0.10238515223560088
70-74	0.12472796648355336
75-79	0.15648446901233562
80-84	0.17905412213103192
85-89	0.21058875300067306
90-94	0.22247952699385662
95-99	0.25952258102900194
100-104	0.2812245490069758
105-109	0.2830338467061073
110-114	0.2909946726994089
115-119	0.3081809958558597
120-124	0.33298260815745495
125-129	0.37799854615943784
130-134	0.4407461820516303
135-139	0.36885056941306654
140-144	0.43853820598006643
145-149	0.362381363244176
150-154	0.4470198675496689
155-159	0.3922751961375981
160-164	0.2686727565824825
165-169	0.36496350364963503
170-174	0.15698587127158556
175-179	0.0
180-184	0.0
185-189	0.49504950495049505
190-194	0.0
195-199	0.0
200-204	0.0
205-209	0.0
210-214	0.0
215-219	0.0
220-224	0.0
225-229	0.0
230-234	0.0
235-239	0.0
240-244	0.0
245-249	0.0
250-254	0.0
255-259	0.0
260-264	0.0
265-269	0.0
270-274	0.0
275-277	0.0
>>END_MODULE
>>Sequence Length Distribution	warn
#Length	Count
60-64	7.0
65-69	6.0
70-74	16.0
75-79	72.0
80-84	365.0
85-89	1734.0
90-94	6263.0
95-99	15252.0
100-104	26642.0
105-109	34347.0
110-114	35167.0
115-119	30522.0
120-124	22639.0
125-129	15291.0
130-134	9268.0
135-139	5223.0
140-144	2865.0
145-149	1413.0
150-154	714.0
155-159	366.0
160-164	197.0
165-169	106.0
170-174	68.0
175-179	33.0
180-184	12.0
185-189	9.0
190-194	7.0
195-199	5.0
200-204	8.0
205-209	5.0
210-214	1.0
215-219	1.0
220-224	3.0
225-229	0.0
230-234	1.0
235-239	1.0
240-244	1.0
245-249	1.0
250-254	1.0
255-259	0.0
260-264	0.0
265-269	0.0
270-274	0.0
275-278	1.0
>>END_MODULE
>>Sequence Duplication Levels	pass
#Total Deduplicated Percentage	91.8508199633213
#Duplication Level	Percentage of deduplicated	Percentage of total
1	92.54510604790993	85.00343874093053
2	6.309112080520084	11.589942356725313
3	0.9224786451909331	2.5419125987832287
4	0.18008929877660038	0.661653990370012
5	0.03821606368932115	0.1755088392817329
6	0.004997863913131953	0.027543473909175813
7	0.0	0.0
8	0.0	0.0
9	0.0	0.0
>10	0.0	0.0
>50	0.0	0.0
>100	0.0	0.0
>500	0.0	0.0
>1k	0.0	0.0
>5k	0.0	0.0
>10k+	0.0	0.0
>>END_MODULE
>>Overrepresented sequences	pass
>>END_MODULE
>>Adapter Content	pass
#Position	Illumina Universal Adapter	Illumina Small RNA Adapter	Nextera Transposase Sequence
1	0.0	0.0	0.0
2	0.0	0.0	0.0
3	0.0	0.0	0.0
4	0.0	0.0	0.0
5	0.0	0.0	0.0
6	0.0	0.0	0.0
7	0.0	0.0	0.0
8	0.0	0.0	0.0
9	0.0	0.0	0.0
10-14	0.0	0.0	0.0
15-19	0.0	0.0	0.0
20-24	2.8758633581456436E-4	0.0	1.9172422387637623E-4
25-29	4.7931055969094056E-4	0.0	4.7931055969094056E-4
30-34	4.7931055969094056E-4	0.0	4.7931055969094056E-4
35-39	4.7931055969094056E-4	0.0	4.7931055969094056E-4
40-44	4.7931055969094056E-4	0.0	4.7931055969094056E-4
45-49	4.7931055969094056E-4	0.0	4.7931055969094056E-4
50-54	4.7931055969094056E-4	0.0	4.7931055969094056E-4
55-59	4.7931055969094056E-4	0.0	4.7931055969094056E-4
60-64	4.7931055969094056E-4	0.0	4.7931055969094056E-4
65-69	4.7931055969094056E-4	0.0	4.7931055969094056E-4
70-74	4.7931055969094056E-4	0.0	4.7931055969094056E-4
75-79	4.7931055969094056E-4	0.0	4.7931055969094056E-4
80-84	4.7931055969094056E-4	0.0	4.7931055969094056E-4
85-89	4.7931055969094056E-4	0.0	4.7931055969094056E-4
90-94	4.7931055969094056E-4	0.0	4.7931055969094056E-4
95-99	4.7931055969094056E-4	0.0	4.7931055969094056E-4
100-104	4.7931055969094056E-4	0.0	4.7931055969094056E-4
105-109	4.7931055969094056E-4	0.0	4.7931055969094056E-4
110-114	4.7931055969094056E-4	0.0	4.7931055969094056E-4
115-119	4.7931055969094056E-4	0.0	4.7931055969094056E-4
120-124	4.7931055969094056E-4	0.0	4.7931055969094056E-4
125-129	4.7931055969094056E-4	0.0	4.7931055969094056E-4
130-134	4.7931055969094056E-4	0.0	4.7931055969094056E-4
135-139	4.7931055969094056E-4	0.0	4.7931055969094056E-4
140-144	4.7931055969094056E-4	0.0	4.7931055969094056E-4
145-149	4.7931055969094056E-4	0.0	4.7931055969094056E-4
150-154	4.7931055969094056E-4	0.0	4.7931055969094056E-4
155-159	4.7931055969094056E-4	0.0	4.7931055969094056E-4
160-164	4.7931055969094056E-4	0.0	4.7931055969094056E-4
165-169	4.7931055969094056E-4	0.0	4.7931055969094056E-4
170-174	4.7931055969094056E-4	0.0	4.7931055969094056E-4
175-179	4.7931055969094056E-4	0.0	4.7931055969094056E-4
180-184	4.7931055969094056E-4	0.0	4.7931055969094056E-4
185-189	4.7931055969094056E-4	0.0	4.7931055969094056E-4
190-194	4.7931055969094056E-4	0.0	4.7931055969094056E-4
195-199	4.7931055969094056E-4	0.0	4.7931055969094056E-4
200-204	4.7931055969094056E-4	0.0	4.7931055969094056E-4
205-209	4.7931055969094056E-4	0.0	4.7931055969094056E-4
210-214	4.7931055969094056E-4	0.0	4.7931055969094056E-4
215-219	4.7931055969094056E-4	0.0	4.7931055969094056E-4
220-224	4.7931055969094056E-4	0.0	4.7931055969094056E-4
225-229	4.7931055969094056E-4	0.0	4.7931055969094056E-4
230-234	4.7931055969094056E-4	0.0	4.7931055969094056E-4
235-239	4.7931055969094056E-4	0.0	4.7931055969094056E-4
240-244	4.7931055969094056E-4	0.0	4.7931055969094056E-4
245-249	4.7931055969094056E-4	0.0	4.7931055969094056E-4
250-254	4.7931055969094056E-4	0.0	4.7931055969094056E-4
255-259	4.7931055969094056E-4	0.0	4.7931055969094056E-4
260-264	4.7931055969094056E-4	0.0	4.7931055969094056E-4
265	4.7931055969094056E-4	0.0	4.7931055969094056E-4
>>END_MODULE
>>Kmer Content	fail
#Sequence	Count	PValue	Obs/Exp Max	Max Obs/Exp Position
AGGGGAC	20	7.955383E-6	27790.248	170-174
AAGGGGA	90	2.684974E-5	12351.223	170-174
AGGGTTC	50	8.286584E-5	8892.881	160-164
CCGTAAG	20	1.0341441E-4	8550.846	165-169
CGTAAGG	20	1.0341441E-4	8550.846	165-169
GGGTTCC	35	1.8271204E-4	6352.057	160-164
GGTTCCG	30	3.1321033E-4	4940.4893	160-164
GGTCACA	45	5.234922E-4	3800.376	150-154
GGACGCC	45	5.234922E-4	3800.376	150-154
ATTAAGG	165	5.414161E-4	3368.5154	165-169
TAAGGGG	60	9.3060674E-4	2850.2822	165-169
GCAAAGA	160	8.484623E-4	2779.025	160-164
TCCGTAA	65	0.0010921524	2631.0295	165-169
TAATTAA	870	0.0	2555.4253	180-184
GTAAGGG	80	0.0011665517	2526.3862	165-169
GGGGGAA	70	0.0012666174	2443.0989	150-154
GTTCCGT	40	0.001463422	2315.854	160-164
CACACTC	20	0.0014952176	2315.854	150-154
TTTAAGC	245	0.0011936435	2268.5918	165-169
ACGAGCC	40	0.001861024	2058.5369	145-149
>>END_MODULE
